    274241    245      436421299
    276454    160      257629482
    277194   1243     2178699120
    279588    546      893928062
    283307    442      843688934
    275370    163      179042082
    274998    492      893633087
    274998    576     1053862814
    275001    183      277976777
    275073    482      855438025
    275345    343      688743252
    274998    467      843862328
    274998    683     1250349215
    274998    691     1264504191
    274998    564     1031621891
    275073    148      268877909
    275371    324      638605477
    275073    190      344928651
    274998    487      882435656
    275376   2516     3585991395
    274999   1232     2169546495
    274421     67      130064884
    275067    322      598108602
    275068    441      848483235
    274420    212      277464836
    274388    964     1758969159
    274387    273      434452970
    274422   1322     2266317314
    275337    165      321314056
    274345     90      139407888
    274971    882     1277400453
    274345     93      143639232
    274971    799     1165702937
    275344    174      214706408
    274387    269      426042177
    275338    338      590621740
    275338    275      466876498
    274344    328      498877438
    274387    134      132741747
    274387    276      440673920
    274968   1102     2059279899
    274345    117      180696201
    273450    319      444916387
    275311    220      281426621
    275375    285      392928042
    275376    496      852288810
    274244    252      349219984
    275310    123      231968008
    274387    308      509063783
    274241     30       53760618
    275310   1444     2312720871
    275375    523      871067904
    274241    774     1280972488
    273502    202      199845953
    274335    161      260741148
    275376     60      108361498
    275376    648     1094741097
    274199    315      602562159
    275376   1532     2370394572
    273730   1263     1298391029
    273725   1303     1909089298
    274314    155      199537357
    275376     79      142062703
    275310   1357     2200358489
    274157    258      328567986
    273158   1000     1425309777
    275125    169      331718520
    275310     26       48461769
    274251    205      319030732
    274241    511      866512049
    274387    209      296666083
    274387    209      296875475
    273158    591      888502551
    275310    788     1362130677
    274316    174      329248723
    274161    148      261972166
    274161    512      871344996
    275310   1480     2361110904
    273447    320      513960328
    274969    782     1407431886
    274241    493      836003608
    274968    407      730880514
    274968     30       47216079
    274241    576      971277282
    274388    277      532533479
    275066     11       20058943
    275311    521      650508633
    275001    910     1282647611
    274421    158      307299815
    275375    455      737439394
    274250    624     1201766967
    274251     29       46244031
    275310    350      637376084
    275375    316      456575845
    275283     77      161684524
    273158    962     1377272780
    273725    747     1139240952
    275309    125      153170378
    275371    548     1058650012
    274422   1174     2020472320
    275371     93      169378886
    274161    130      230147865
    274441     93      154835157
    273425    645      803981008
    274316    711     1218844064
    274955     41       46774770
    275310    347      632097481
    274250    303      605342110
    274969    111      180533653
    275311   1075     1269193046
    274157    324      452411555
    274442    212      386238841
    275001   1566     2108086534
    274969     60       97533246
    274969    458      840293247
    275376    261      459717910
    274319    220      308140934
    274335     83       94836669
    274335    878     1627579241
    275376    940     1542942339
    273730    186      206336738
    274335    484      914856326
    275371     37       52249464
    275310   1311     2136696940
    275375   1012     1741170303
    274335    959     1763849494
    274968    487      899112928
    273450    221      309912101
    274422   1853     3104258978
    274422   1356     2320678533
    274251    173      270837987
    274387    436      774896123
    274338    242      436366876
    274338    283      511217636
    273730     25       27067382
    273554    140      128984976
    274338    332      597989364
    275376    554      944836780
    275375    663     1133107299
    274251    127      200593168
    274241    897     1468336460
    273448    300      432870808
    274161     66      117441671
    273725    352      521467797
    275376   2350     3389866825
    275376   2325     3359216913
    274422    460      798674568
    275311    819      993588395
    274999    677     1238663309
    274999    899     1630159624
    275311    186      238356624
    275311    196      251400940
    274442    327      580494812
    274241     22       39565224
    274998    740     1353546366
    273725    417      628461782
    274969    851     1522927876
    273725   1443     2113016823
    273447    224      363870335
    273728     42       47410526
    274316    562      985731697
    275125    453      849945616
    275309    520      870276512
    274441    354      582594970
    274971    241      368840964
    274244    481      690106241
    274422   2030     3385134476
    274251    255      394529811
    275376    103      184360908
    275310     11       20875236
    273493     84       98396078
    275376   2474     3536900888
    273446      8       12938582
    274161    270      469192430
    275124    112       96154654
    275836   1084     1953156793
    275911    252      350313765
    276242   1131     2146972519
    275776    100      207962102
    275890    726     1401866191
    276283   1087     1991609026
    276242    293      551686314
    275913    262      515913531
    276283    794     1423508647
    275931      7       10572885
    275918    200      345251214
    275890    945     1822180338
    275847    326      435139981
    276242     92      173398896
    275890   1066     2033772896
    276242    632     1212964171
    276242    387      723013312
    275920      5         259435
    276282    555      945158347
    276242    849     1632140208
    275776     48       99102771
    275847    139      187917919
    275836    607     1118276865
    275837    514      809045374
    275890   1139     2160329957
    276097     84      150568998
    275777     52      103480583
    276242   1341     2511932087
    275911    118      119153491
    275890    304      588002261
    276242    291      548767530
    275920     95      168077001
    276242    798     1530945471
    276242    377      704241605
    275774     74      131569357
    275890    168      331250021
    276283    844     1523438503
    276097    217      417907622
    275890   1134     2153050265
    275837    457      721622082
    275836    702     1275475933
    276242    973     1866872717
    275918    130      225617781
    275782    762     1366524843
    275833    147      283164675
    275782    167      312405325
    275847   1544     1929414782
    276097    433      829999091
    275836    388      739500808
    275782    449      827776441
    275836    441      833078828
    275832    288      570050860
    275847   1120     1433664977
    275782    125      231310911
    275782     14       24154517
    275782     15       26694459
    275847   1320     1671527197
    276501   1050     1750262327
    276542    317      470798504
    276437   1495     2703534961
    276363    359      634398921
    276543    212      407573705
    276808    343      661117111
    276808    209      411872047
    276437   1067     1935630144
    276808     93      189157074
    276542    367      569226673
    276543    196      376655820
    276437   1249     2280692040
    276501    966     1596054456
    276363   1178     2105424983
    276502    123      188534380
    276811   1839     3056908143
    276384    281      427768693
    276361    429      796204348
    276501   1274     2145100512
    276501   1254     2111733195
    276586    752     1265958120
    276384    398      600496601
    276655    469      863329048
    276587    887     1255897574
    276384    461      690099030
    276384    893     1273583159
    276581    198      252280946
    276437     71       37869579
    276811    399      717224443
    276811   1580     2688767911
    276437     64       24819246
    276384   1104     1544440378
    276581     96       70751221
    276776    684     1174834350
    276586    572      999708832
    276586    273      485430828
    276587    438      656547230
    276587    460      687792723
    276586    362      644139725
    276655    939     1633186052
    276437    136      146049065
    276776    786     1356185178
    276361    561     1062054215
    276811    664     1212353072
    276525    959     1631304713
    276776   1024     1766385813
    276811    812     1474224148
    276384    481      719776986
    276501   1500     2517360348
    276501   1500     2517875895
    276587    194      297656300
    276655    808     1392472429
    276495    187      222551827
    276582     50       91469406
    276811   1252     2203771434
    276501   2307     3859184690
    276655    732     1273578510
    276811    972     1748770890
    276525   2390     4096934425
    276458    311      394471672
    276811   1057     1890376124
    276811   1194     2112778890
    276811    946     1704708080
    276582     86      157349220
    276525    880     1485620340
    276525   2829     4757679746
    276454    401      633331802
    276525   1227     2103514711
    276454     44       67848804
    276776      2        3258001
    276318    239      420732181
    276775    902     1538973334
    276794    200      267579064
    276794    417      551472616
    276528    390      497416634
    276528    336      425553177
    276775   1094     1909860702
    276775    128       98478835
    276950    631     1183078309
    276950    774     1423300538
    277420     95       47156959
    276870    683     1179840205
    276870   2993     5286358598
    277420    189      219524614
    276948    221      434972042
    276950    416      794230802
    276950   1059     1931537257
    276870   1271     2294103339
    277194    229      298431909
    277420    216      268693427
    276950    343      657181120
    276870   2973     5255865790
    277194    468      742051318
    277194    474      754127979
    277094    434      770873698
    277194    860     1479618533
    277194    994     1737944222
    276831    653     1131474148
    277096    245      454793665
    277096    204      381380879
    276950   1571     2835905437
    277194    561      910381125
    277194    772     1302807467
    276831    733     1296397895
    277096   1364     2365509965
    277194   1614     2873442920
    277127    804     1501498454
    276870   1551     2816399549
    277305     79       45199333
    276950   2192     3773200398
    277076    208      354098354
    277072    348      608062534
    277127    485      916044805
    276831    579     1004099088
    277194   1946     3444066550
    276950   1338     2439471830
    277096    448      803088480
    276831    774     1369129288
    276831   2601     4627837045
    277076     70      109972320
    277070    826     1523444077
    276834    618      854937936
    276870   2541     4578633066
    277076    364      620867678
    277070    865     1605609205
    277073     47       66070175
    277072    123      217959619
    277072    166      293588009
    277076     73      114415925
    277072    382      674948795
    276831   2658     4715502908
    276834    387      542916513
    276870   2077     3764878654
    276831   1921     3490235356
    276831   1510     2702430832
    277096    463      827425515
    277096    626     1107732270
    277094    112      194747649
    277194   1582     2814599865
    277194   1246     2183026879
    277127    527      998799191
    277096   1100     1953010810
    277069    385      591420317
    277070    287      521357226
    277070    389      719033511
    277087    408      387120451
    277194   1328     2326628576
    277194   1579     2808581967
    277070    397      734116691
    277127    540     1023460375
    277127     16       22699949
    277168   1390     2551836180
    276935    598      927718624
    277168   2044     3588907730
    277087    524      532098525
    277076    556      933774270
    276935    722     1162604726
    277168    987     1807343297
    277168   1106     2036468933
    277168    339      623256539
    277168   1651     2992514209
    277168   2113     3688136869
    277168   1551     2827436207
    276935    854     1399993035
    277168   1273     2343846259
    277168   1066     1960111889
    277168    468      882186283
    277168   2063     3615881805
    277168    948     1737368880
    277148    555      914834110
    277168   1243     2290013404
    278803     71      127360044
    278310    318      440599808
    278240     43       76640689
    278770    326      635672813
    278240    607     1191268859
    278315    627     1054908465
    278240    967     1857303030
    278406    724     1212719551
    278239    730     1284325703
    278509   1464     2474386713
    278406   1495     2627831775
    278406    322      457450752
    278406    449      689561870
    278406    771     1304383297
    278509   1011     1667453967
    278509    887     1448665028
    278509    192      204136325
    278406   1097     1916568242
    278509   1167     1963080824
    278808   1078     1894474194
    278808   1146     1997699141
    278808   1679     2983853124
    278808    754     1387664439
    278308    380      615236012
    278017    120      101802648
    278018    681     1237499231
    278308    883     1519210002
    278808   1330     2319251594
    278018    741     1353185967
    278308   1174     2005448082
    278308    722     1246412463
    278308    823     1418154152
    278308    851     1466243645
    278805    184      336836764
    278167    710     1267218076
    278808    296      555923674
    278808    297      558027702
    278808    571     1069566825
    278805    143      263741850
    278193    127      127246712
    278805    131      239856266
    278349    113      218439444
    278346     40       74529760
    278167   2125     3767240633
    278349    365      669146135
    278349    448      804886436
    278167   1752     3171516306
    278349    312      577083077
    278366    144      296909469
    278346    116      211429757
    278167   1810     3267979997
    278240    579     1139897832
    278239    476      793785184
    279654    748     1422266831
    279716    840     1543030523
    279715    660     1107245601
    279716    941     1706554345
    279654   1296     2416798817
    280385   1300     2443018938
    280385   1371     2571355618
    279654   1156     2201542272
    279658    460      824091905
    279116    137      229021632
    279684     20       33653893
    280385   1305     2451934155
    279116    284      504980946
    279115    465      719982241
    279685    101      190517468
    279685    182      341254999
    279715    603      999924594
    280385   1383     2593905836
    279658    617     1112890213
    280385   2021     3608337440
    279654    800     1516866507
    279658     37       57003395
    279716   1059     1891723718
    279116    317      566529249
    279716    201      382241252
    280385   1330     2496865626
    279767    470      803468728
    280015    306      560084899
    280385    321      597308811
    280385    960     1799447331
    279841   2019     3482663808
    279767    686     1144930565
    279841    100       96514275
    279841   1593     2792298887
    279080    108       58046668
    279115    380      575984825
    280385    483      892730455
    280385     90      166310219
    279841   1368     2390529600
    280385    150      274695578
    279080    157      122762039
    279993    128      121140853
    280385    431      798268886
    279080    207      177753928
    279760    320      469362785
    279760    293      420592601
    279841   1235     2136095814
    279841   1271     2206881375
    279841   1737     3033673339
    280385    971     1819427131
    279766   1485     2581384254
    279767     70      123952452
    280015    240      435611936
    280015     89      155037021
    279844    255      338066409
    280251    274      498748396
    280364    892     1592659667
    279766    150      283820466
    279694   1287     2394850395
    279766    342      642073282
    279931    461      709100288
    280364    946     1678649373
    279931   2814     4809777850
    280364   1111     1925627217
    279694   1141     2116270248
    278962    205      260988230
    279794    237      318469370
    278975    160      270824543
    279667    587      954402572
    280242    171      306083093
    279931    435      663755779
    278975    462      736798710
    279667    998     1741701726
    279694    994     1833653302
    280330    423      798571751
    280242    585     1068146836
    279667    616     1010073552
    280249   1191     2107769802
    279887    328      434632764
    279694    984     1816310224
    280249     77      144125177
    280249     58      106622504
    280249    971     1767967090
    279766    932     1696491068
    280249    127      242090427
    279667    316      452021297
    279794    847     1434390285
    280249    987     1793554527
    279694    225      402837124
    280191    422      783259630
    278975    348      570511545
    280191    706     1310073719
    280242    309      557817365
    279694    647     1185506506
    279667    300      422065782
    278969   1290     2234892031
    280251    358      639494078
    279667    576      933730165
    279667    282      390177758
    279931    225      276619363
    280242    254      452125401
    279024    129      127499374
    280191    734     1360182646
    278969    375      561016342
    279931    637     1038207604
    280249    534     1004152221
    279887    274      343083364
    279694   1237     2300488096
    279694   1000     1844599281
    280242    193      344710450
    280364   1177     2028029834
    279715    437      692692654
    279931   1422     2484748913
    279975    418      648205048
    279588    999     1747794144
    278820   1244     2297097994
    278822    205      303084973
    279975    372      564453263
    279975    373      566741749
    278923    399      656093294
    278822    609     1069468125
    278820    129      214603953
    278822   1002     1740176110
    278822     36       53612225
    279653     85       37072309
    279975    139      148824650
    279588   1169     2075726096
    279715    135      128613034
    279694    394      721387118
    278822   1155     1980091703
    279931   1548     2695567510
    278822    700     1232766421
    279931   1280     2235694696
    278962    363      560602082
    278820    554     1007319245
    279966    115      103431103
    278822    886     1552021295
    279694    576     1051796811
    279766    707     1312839076
    278969   1247     2153099600
    280249    234      445748883
    280249    527      989058513
    280249    444      832421088
    279766    544     1016024583
    279667    775     1315111325
    279931   1469     2565179318
    280024    182      261106742
    278923    271      426131018
    280187     24       44234655
    278822   1457     2436619305
    279715     99       61814871
    279931   2832     4838380165
    279588    886     1537623181
    279654    293      547669242
    278820    244      435810771
    278923    245      378886950
    278923    157      221493052
    279694    189      338776557
    279715    416      653691240
    279931   1453     2537350422
    278962    327      492421117
    278820    358      641429432
    278957    106       87850741
    279715    231      307733279
    279588   1087     1918440605
    279715    222      289782675
    279653    241      317226696
    279588    778     1331982218
    279588    249      330201600
    278875     46       89494488
    280018    847     1469096642
    278875     71      137533928
    280017      1        1273078
    279071    183      200215255
    279029    142      231908903
    280018    432      746596064
    280017    129      237567390
    280018    372      637228391
    280018    719     1247386217
    280018    118      179647024
    280018    130      198056756
    278923     79       83777269
    278923    114      140545465
    279024    117      101884963
    280018    227      372838633
    279588    247      326715663
    280017    239      433406299
    279588    622     1029128012
    279588    238      312231343
    279024    248      359934030
    279588    121      111061187
    280018    702     1217395117
    278875    613     1102930453
    278923    105      122281924
    280017    559      963847275
    280017     69      126629595
    278874    107      218059236
    280018    825     1429769286
    281693   1144     2174505419
    281976   1669     2972896648
    281693    536     1011052473
    281976    150      268036886
    281976   1023     1805735976
    281693   1130     2149575622
    281975    143      243169173
    283353    450      673605932
    283358    274      498637997
    282814    762     1459527459
    281727   1432     2393262121
    283830    552      989468876
    283865    164      284038153
    283283    111      231024932
    283682    184      334639163
    281639     10        8630798
    284037    254      469833037
    283478    120      108720101
    284035    308      523539630
    283682    181      326865325
    283685     40       71294519
    283820    396      689457247
    283820    534      939739806
    283043    409      770537826
    283682    356      661903406
    283283    852     1633463412
    283680     46       70357380
    281976   2044     3565510246
    282033     88       27445605
    283283    768     1490486825
    283283    968     1827693260
    284006    259      336741649
    282814   1664     3095125814
    281976   1830     3237694620
    281797    189      123603285
    283682     74      138872888
    281641    245      417903666
    283059     43       76595225
    282919    113      217701649
    282919    241      470213644
    284035    253      425837578
    283478    690     1056370325
    282919    139      262755656
    281976   1161     2068406258
    283306    214      387355698
    282814   1736     3222736156
    283283    599     1191234396
    283306    194      353817538
    283877    942     1727932348
    284014    142      248289861
    281797    574      806665001
    284014    208      363312518
    283283    786     1520076644
    283408   1255     2157793942
    282807    146      291857974
    282814    310      612861506
    283453    374      542298427
    282092    935     1477939006
    283884    677      824627714
    283946    333      432198854
    282800    104      183063937
    282814    185      362462619
    283408   1044     1767605363
    281727    378      602667153
    283885    415      747362527
    281727    463      723235396
    282735   1652     3074592972
    282735      6        9271008
    282735    161      328415649
    283885    193      343900393
    283934    213      348843005
    283876    202      265224205
    283876    314      452117243
    282800      9       13622077
    283308    946     1719958192
    281727     14       23482245
    282735   1006     1873387406
    282735    195      396615809
    282731     41       81585405
    282735    312      621964539
    282735    963     1808018332
    282735   1565     2916190262
    282735   1075     1979291257
    282735   1696     3143583238
    282735   1593     2968355227
    281727      7       10808070
    282735     23       43618476
    283934    279      446209543
    281727    265      432787280
    283884    417      389259048
    282814    161      310655311
    282037   1108     1979458159
    283876    307      440980360
    282800    303      572981467
    283408    795     1338754994
    283408   1413     2455132613
    282733     50       91459842
    283885    223      395108156
    282734     13       27519874
    282733     86      161863259
    281707   1056     1749765722
    283885    616     1129845895
    283865   1084     1943754821
    281976    188      328026701
    281976    219      380793638
    281976    220      381754138
    281693    328      622467690
    283043    492      934579158
    283877    528      987888618
    283877    638     1207444070
    283478    875     1371241039
    283820    429      749246957
    283307     20       34464819
    283820    426      743197841
    283283   1171     2141316854
    281641     87      143771840
    281976    518      914750968
    283270    243      326216167
    283478    136      127975983
    281639    102      165371126
    284040      4        5582679
    281797    149       60023912
    283478    773     1196949106
    284040     23       41445667
    283820   1534     2696371059
    281797    209      164556572
    281976   1086     1913128553
    283865     67      114226129
    283830     83      156915955
    282092   2131     3521996904
    283059    412      778683473
    281797    216      176521641
    284040     27       48270296
    283820   1506     2649843638
    283820    537      943984158
    283820    786     1387917226
    283052      7       11783407
    282814   1076     1961695152
    283877    836     1553694866
    283820   1213     2139595568
    282814   1658     3084826809
    282092   2080     3428031607
    283865   1011     1806568066
    283865   1168     2094816629
    282092   1748     2839619509
    282814   1067     1947737037
    283478    699     1072048236
    283478    740     1141846022
    284037    186      349493014
    284035    334      571796219
    283820    828     1465959594
    283043     56       89430557
    283059    337      631479340
    283830    320      553322300
    282917    138       99160596
    282092   1764     2862781965
    281613    744      516628407
    283877    296      549537163
    283359     94      143297758
    283308     93      166732467
    281797   1127     1847094400
    283358    891     1612589215
    282037    406      741300721
    283453    512      760438121
    283946    137       98452550
    281797   1680     2850990873
    281797   1070     1740294330
    282037   1472     2535788130
    282037    812     1452704031
    282092   1052     1686250146
    283877   1272     2229337525
    281797   1952     3269874639
    283876    468      710604641
    283453    392      570254075
    283308    451      876642504
    282037   1056     1891308480
    282037    418      761534683
    283353    113       98085874
    282092   1255     2063806456
    282037   1825     3215107507
    282037    848     1513985577
    283453    473      695859160
    282092    179      175083322
    282092    924     1457241568
    282092   1438     2370732655
    282037   1688     2958766746
    283408    425      696572147
    283946    546      789056580
    283308    349      670247832
    283408   1567     2734285900
    283408   1281     2203483165
    283885   1636     2846668670
    283270   1743     2985050367
    283885   1611     2797888168
    283270    906     1468104732
    283408   1611     2809621256
    282734    223      443792927
    283934    245      393871297
    283934    364      592659236
    283934    818     1390763458
    283408   1045     1769709386
    283408   1830     3165689093
    283270    685     1075894078
    283934    105      178465543
    283270   1186     1989840486
    283934    113      191677420
    283934    689     1158295203
    283885   1088     1950825996
    283933     92       38448594
    284006    120       83191601
    283933    232      283281472
    283934    167      279304647
    283283    395      807528737
    283270   1079     1782562995
    283270   1378     2336552891
    283270   1568     2692555432
