    273725   2370     3332066816
    274969     68      111211963
    275376    240      424028903
    276831    358      600213906
    277194    584      952474189
    279029    132      215293925
    281726    267      501892948
    283308     78      141321245
    284029     78      128152721
    274335    710     1335041139
    274338    636     1112361761
    274388     65      127142137
    274421    110      214616894
    274422   1400     2392247968
    274422   1451     2472904783
    274422   1430     2439993505
    275068    399      772160576
    274422   1010     1753910588
    274422   1826     3061380035
    274335    141      217203505
    275068    126      255163635
    274422    556      976987028
    274250    449      885524813
    274316    880     1471837932
    274421    204      393076747
    274316    762     1296134899
    274388   1683     2970796027
    275068     50      103071642
    274388    179      349251896
    275376   2164     3163291634
    274971    696     1024506962
    275310   1104     1840651423
    275376   1110     1790644181
    275376    988     1614205686
    275370    328      474768265
    275001    157      238571319
    275125    568     1045352529
    275125    570     1048784432
    274388    135      264283304
    274338    133      238578205
    274422   1449     2470231728
    274316    897     1496817592
    274422     46       79647862
    274335    491      928539315
    275067    315      583351139
    274316    362      659684143
    274998    246      397867516
    275376    105      188573118
    275376     70      126336415
    275376    775     1292114243
    275309    556      942249083
    275310    897     1531975660
    274968    389      691641666
    274971    169      258978562
    275311    620      767597737
    274968    291      492545644
    275001   1312     1799593789
    275311     79      101893188
    274968     41       66777476
    275319    160       88035256
    275311    988     1175379138
    275291    329      569817711
    275068    656     1222206718
    274244    224      307130320
    275066     57      110278772
    275291    272      458137749
    275068    213      426792082
    275066     67      130267434
    275293    183      304672548
    274422    833     1457099193
    274388   1175     2138529116
    274968    404      724801904
    274968    465      853774239
    274316    436      782593343
    274241    883     1445374194
    274388   1749     3074037730
    273158    157      249152781
    274388    300      576143523
    273503      9       10390701
    274335    592     1122755422
    274335    264      477281400
    274422    247      424468021
    275293    177      294983209
    273554    317      413621441
    274335    873     1617857684
    274388    296      569223130
    274251     62       98965039
    275310    821     1414634610
    275376   1571     2417065880
    275310    445      801218904
    275376   1809     2721061916
    275376     92      164257233
    275376    138      246404197
    274998    411      736080215
    275376    694     1166817141
    274998    389      691958482
    275376   1607     2464025171
    275001   1499     2030092383
    274971    244      373467382
    275337     93      183878469
    274969    951     1687111697
    274998    558     1018872751
    275311    285      363698489
    274971    200      305401448
    274969    805     1446127098
    275001   1844     2437720557
    274968    925     1754882115
    275001   1375     1878454972
    274968    298      504261644
    274241    547      924095867
    274157    119       67597305
    274200    264      430518765
    274241   1171     1864321532
    274200    156      252253157
    273730    670      727053868
    274160    140      261804448
    273449     61       83051214
    273725   1209     1772249227
    274160    160      299245292
    274199    493      912120656
    275074    333      533794717
    275074    164      266886997
    275074    486      759008266
    275001    474      696164475
    275345    178      368016339
    275344    208      274162971
    275125    266      511223824
    275001    394      582723071
    275000     57       88670874
    275375   1309     2257749571
    275074    512      797041259
    275375    288      398916171
    275375   1402     2431086286
    274422   2010     3354053907
    275125    798     1433592082
    275125    951     1720813586
    275124    251      335737892
    274344    360      545787923
    275375    303      429886742
    275371    396      776792016
    275073    147      266950079
    275371    152      293669127
    274284    109      223634854
    273725    447      675890013
    274161    514      874895654
    273730   1205     1245448175
    273494    135      158321981
    274094    199      154737340
    273502    425      496835302
    274284    186      379742879
    275125    185      362037135
    275068    691     1280330219
    275345     50      105629843
    275068    684     1268940970
    275310   1582     2495686775
    275311    631      780104894
    275001   1656     2216725610
    274969    499      911046260
    274998    651     1191387261
    274971     50       80516730
    274969     96      156920181
    274998    516      939689205
    274969    752     1356335426
    275337    154      300983148
    274388   1772     3111223842
    274316     47       90601802
    274422    860     1502126364
    275292     85      144519088
    274251    546      855486692
    274146     18       27458055
    274157    109       48593008
    274251    475      745076031
    273425    365      444045477
    275068    722     1331528966
    275370     86       45354980
    275001    563      820489820
    275375    800     1380653095
    275338    184      311197742
    274440    128       99366580
    275001    603      874206352
    275375   1367     2365188602
    274440    409      617483188
    275124    413      654045464
    275074    146      237566772
    274440    307      434713859
    275375    889     1533815282
    274387    134      133706062
    275375   1295     2232918963
    275073     87      156441765
    275074    352      563763210
    275344    238      327836477
    275125    509      946818174
    275338    469      831428242
    274200    188      306255920
    274315    346      731983612
    274161    136      241263932
    274161    186      326540407
    273725    901     1355216450
    273450    352      489221072
    275832    367      727440829
    276282   1124     2028000131
    276282    769     1350343618
    276242    749     1431990951
    276282    878     1546735495
    276283    233      450022654
    276242    283      533601741
    276097    360      695126518
    276097    360      694486672
    275890    265      516736952
    275890    730     1411205661
    275890   1277     2394839465
    275782    337      623929125
    275911    357      554494277
    275890    967     1854826873
    275911    255      354769777
    276097    494      942252867
    275658    206      404750746
    276097    436      837219886
    275890   1244     2340366623
    275911    116      115190693
    275912    279      494516102
    275913     15       30867470
    275837    133      223573019
    275836   1117     2012396072
    275911    340      521934583
    275836    354      676796291
    275890    365      699992829
    275920    341      607493739
    275837     16       27173298
    275774    123      218436359
    275836    112      223849679
    275913    315      615442737
    275913    117      242436763
    275847    403      534066626
    276283    394      747802665
    276243    362      648808774
    275837    371      597547271
    275847   1680     2080552324
    275912     21       38088001
    275890    134      264575030
    275832    163      316262292
    276282    974     1713322034
    276243    265      478407469
    276283   1014     1854084883
    276242   1530     2873755289
    276282   1016     1803578150
    275834    290      549256835
    275832    101      194073538
    276244   1145     1649422173
    276283    701     1267351218
    275832    246      482341960
    275658    126      250562909
    275920    394      700351748
    275912    249      437302832
    275774     82      145889692
    275774    300      562964055
    275847    153      207775186
    275847    602      785901576
    275774    155      277016076
    275847   1557     1943751411
    275847   1876     2290938573
    275847    815     1055304969
    275837    459      725572184
    275847   1021     1313615526
    275918    140      244039010
    276437    752     1297418088
    276437   1581     2845410058
    276587    541      801277801
    276582    432      747132240
    276811   2053     3346985540
    276363    276      492897370
    276587     83      127719553
    276363   1270     2247935333
    276363   1048     1879192712
    276542    349      533043665
    276525    156      166812644
    276525    167      188473231
    276384    871     1245260694
    276543    725     1310964789
    276581    263      370739158
    276586     22       31040387
    276363   1403     2462639120
    276363   1262     2236428964
    276363    411      721084374
    276437   1418     2580661802
    276384    957     1357432623
    276437   1089     1977204774
    276811   2272     3638681954
    276586    252      448485200
    276586    253      449120348
    276586    404      717324792
    276543     91      174241243
    276384    320      485722700
    276384    357      540365256
    276545    168      289013166
    276543    259      498481998
    276544     87      160235031
    276544     90      166118308
    276384     91      139952396
    276384    202      310299238
    276543    385      733721933
    276543    501      941720826
    276384    660      968855753
    276384    705     1029522772
    276525    394      593141629
    276525    412      624733577
    276542    108      107259120
    276775    970     1674679110
    276775    590      962911751
    276501   1441     2423304221
    276776    298      500120871
    276655    190      365279971
    276655    509      932153720
    276655    539      982040416
    276655    339      636821853
    276811    275      475159701
    276775   1092     1907054073
    276317    107      200985153
    276318    279      481209851
    276315    203      326110420
    276318    448      779273870
    276501     83      136452001
    276811    211      349309370
    276653    347      524568331
    276775    459      726835046
    276810     12       21108729
    276811    626     1141630671
    276776    657     1125162443
    276775   1211     2125977154
    276318    107      189853821
    276318    351      588117906
    276808    328      632802724
    276794    175      234848995
    276776    699     1201227127
    276775    739     1221527866
    276525    274      379956620
    276775   1188     2084387425
    276653    253      359124886
    276808    723     1395439914
    276811    106      177219925
    276811    457      827108725
    276810    244      440594405
    276458      9       10601767
    276525    502      778069124
    276808     10       18593098
    276525    527      819193128
    276501   2099     3502156581
    276501   2276     3805577528
    276653    107       96938315
    276361    582     1105131552
    276363    117      215352995
    276501   2353     3935833449
    276363    329      582633401
    276363    469      817271381
    276437   1455     2644593497
    276437   2000     3537993380
    276437   2142     3797002356
    276501   1655     2760584009
    276582     88      161176801
    276363    109      201519871
    276501   2171     3628229915
    276525   2339     4015096367
    276501   2416     4039311470
    276361    403      751700641
    276501   2172     3629225970
    276501   2343     3919484993
    276525   2171     3744038174
    276525   1310     2241586948
    276361    437      809196949
    276501   1191     2002594349
    276525    569      889620895
    276502    480      726188730
    276361    199      384489530
    276525    781     1295733651
    276361    310      587588653
    276502    244      375046231
    276502    246      377948012
    276361    353      663612293
    276361    380      710933295
    276437    869     1539647936
    276811   2283     3654508605
    276437    514      871110922
    276437    998     1800004825
    276384    905     1289818771
    276384    938     1332583539
    276582    328      577358041
    276582    391      681122346
    276582    750     1351735517
    276587    384      578015495
    276585    188      302078611
    276950    988     1796824693
    276950   1115     2036348365
    276950   1416     2574597404
    276950   1762     3144986502
    276950    821     1501373382
    276950   1436     2608502921
    277069    205      269379333
    277070     84      150289211
    276950   2193     3774786327
    276831   2187     3956860609
    276831   2262     4082430789
    276834    248      354028572
    277180     91       39734697
    277148    174      196430100
    277148    608     1014718188
    277148    268      368218340
    277148    390      583728839
    276831   1937     3519075728
    277069    211      280152756
    276834     60       86229833
    276831    658     1139972346
    276831   1903     3457361401
    276831    651     1128224620
    276831    682     1188037264
    277194   1261     2208555642
    276950   1349     2457286912
    277194   1846     3275556216
    277127      2         387421
    277076     72      113127316
    277096   1908     3283684331
    277112      3        1329737
    277070    768     1422678887
    277072     37       66788659
    277087    413      392434989
    277127    566     1072637856
    276950   1154     2108840586
    276950   1566     2827473213
    276948    300      579785427
    276950    477      906972725
    277194    780     1318444504
    277194   1347     2366555936
    276950    213      403866598
    276831    439      750981232
    276831    523      905444219
    277070     92      165675744
    276831   1522     2727515382
    276831   2401     4311259273
    277127    275      516471896
    277127    284      531492132
    277087    293      238157476
    277127    694     1309248330
    277127     33       57179477
    277305    359      537295635
    277194    963     1679566987
    276870   1550     2815192594
    277166    375      584342469
    277194    556      901025895
    277194   1039     1823619344
    277071     45       86945793
    277070    744     1384161537
    277072     10       18045740
    277305    273      377808582
    276870    400      629786666
    277168     52       90862958
    277168   1822     3255624446
    277168    401      747888902
    276834    343      482387515
    276870    802     1400700670
    277168    521      984032026
    277168    216      384732412
    277194    233      306158029
    277168    836     1549978764
    277168   1587     2886197819
    276870    940     1648633413
    276870   1022     1789943666
    277168    920     1692136491
    276834    676      932481735
    277168    893     1647389938
    276870   1419     2575927537
    276834    634      876917638
    276948    338      645856080
    277194   1616     2878317606
    276950   1338     2438025406
    276948    193      381305314
    276950     70      109771269
    276870   2296     4161477397
    276870   2767     4941499335
    276935    901     1480537542
    277087   1070     1153730720
    277072    219      383337440
    277076   1001     1607081997
    276870   2814     5014404327
    276870   2325     4210495495
    276870   2389     4322884680
    276870   2466     4452778923
    277180    207      246295723
    277094    345      608906733
    276831    331      546648880
    276831    705     1237470768
    276831   2549     4546318070
    277096    543      953031446
    277096    637     1128466391
    277180    113       68796867
    277096   1008     1799799282
    277094    263      452719717
    277094    548      966697534
    277096     40       74652659
    276870   2246     4072312282
    277096    225      420461315
    277096    226      421534136
    277096    188      352853459
    277094    164      284833163
    278289     11       12506326
    278349    245      463846686
    278240    131      258435168
    278406    230      288175679
    278239     78       33225977
    278239    700     1228450656
    278240    343      690452852
    278349    557     1030963674
    278240     37       65877907
    278406    144      128023977
    278406    337      485573762
    278406    337      485363968
    278274     80      164965685
    278349    542      997529970
    278366    202      414938873
    278509     99       51980653
    278239    229      325546125
    278349    300      556120826
    278509    960     1578270838
    278509   1036     1711832681
    278406   1069     1859897830
    278406   1546     2711937201
    278406    250      324897137
    278406   1242     2188551464
    278240    428      857629806
    278240   1106     2117755613
    278239    579      998219158
    278273     95       64942556
    278406   1087     1896174035
    278239    634     1103041110
    278240     74      136059218
    278406    944     1625968241
    278406   1612     2818241413
    278018    230      415216469
    278308    307      466766821
    278167    515      871185367
    278308    343      538646044
    278167   1520     2776041909
    278017    277      372968506
    278017    279      376266854
    278017    589      916387767
    278167   1041     1880400737
    278803    103      175825369
    278167   1029     1859647932
    278167   1309     2386081955
    278308    390      636616918
    278310     85      117996850
    278308    330      510535193
    278315    164      179961115
    278808   1217     2103069330
    278167   1024     1851947621
    278315    111       81353829
    278167    261      370859091
    278770    155      300419062
    278770    348      677039634
    278770    573     1102488719
    278769     97       55742936
    278770    260      511076887
    278770    341      663923903
    278805    221      399144554
    278167   2086     3708481719
    278167   1908     3427945014
    278240   1213     2305479106
    278808   1368     2395347613
    278808    735     1355654065
    278167   1167     2112623166
    278240   1295     2445347965
    278308    822     1416600361
    278770    337      657454594
    278808     66      127000449
    278366    111      230411943
    278239    193      255907552
    278406   1364     2409614070
    278770    613     1178061787
    278803     12       20409033
    278803     13       21045884
    278808    329      612614190
    278509   1006     1658890724
    278509   1264     2137143473
    278239    365      565379947
    278239    465      768756665
    278239     99       78253326
    278406   1048     1819340192
    278310    589      788291411
    278167    962     1742634566
    278308    987     1686440873
    278167   1236     2247340897
    279760    536      867914644
    279975    303      436512641
    279766    432      802101119
    279975    589      961787239
    279975    672     1108721595
    280194     93      146839053
    279975    622     1021263888
    279766    474      884774668
    279766    475      885669405
    279760    593      969287990
    279975    208      267576418
    279766    872     1595199137
    279975   1007     1736902820
    280194    196      311668155
    279975    994     1712205844
    279975    343      511047053
    279767    192      336178793
    279766    769     1420247572
    279024     84       35883834
    279975    185      225018264
    279766   1157     2057650591
    279975    752     1246582395
    279766    864     1581121398
    279975    736     1219311432
    279975    811     1364701685
    279975    904     1540270295
    280194    146      233216373
    279975    235      314426339
    279024    300      459286317
    280188      4        6657513
    279654    134      260798939
    279654    137      265735209
    280249    815     1509372692
    279080     84       25476779
    280242    381      693097156
    278874    298      574857156
    280242    351      637332502
    279931   2391     4122598181
    279654    156      302248337
    279588    889     1542269984
    280242     32       58874441
    278875    778     1429025917
    279654    404      763460035
    279975    439      683175067
    279766   1036     1865695563
    279975    954     1632878211
    279029    103      172779210
    279931    887     1507261646
    280249    437      818956901
    280191    454      846686994
    280191    468      873342087
    280191    560     1047182787
    280242    135      240920114
    279931   1946     3295786920
    279931   1761     3022744846
    280242    507      915030460
    280251      5        8317411
    280385   1765     3223857259
    280024    157      225034054
    280385   1037     1942234062
    280385   1490     2777937070
    278875    121      231835772
    278875    713     1303011982
    279966    396      590056245
    280249   1291     2265822491
    279887    271      338749081
    280385    990     1853170104
    279931   2983     5069141950
    280385    714     1334242230
    279966    104       82869963
    278874    325      625597698
    279931   1985     3370537953
    279588    960     1673085731
    279588   1146     2030481226
    279588   1015     1779297566
    279654     65      126295944
    280385    704     1312968375
    279931   1111     1911410810
    279931   2882     4915999855
    279588    428      661218299
    280363    237      375199250
    278820    165      287691311
    278820    828     1520277388
    280364    121      239612030
    278822   1537     2561658047
    279716    156      298387115
    280330    280      532423297
    280330    172      322474155
    278820   1122     2074555826
    280330    710     1354176571
    279931    546      864247800
    280249    251      477052250
    280385   1633     3013100983
    280187      7        9388341
    280385    875     1644292108
    279653     87       42322116
    279653    148      160272430
    279654     32       60244082
    280191    389      720743292
    279080    220      194378149
    280242    399      725834905
    280330     89      169903500
    280364    540     1005094860
    279715    443      704065745
    278820   1421     2593441132
    278822    207      305773144
    280330    613     1168701947
    280349    367      702849252
    280349    464      886800304
    280330    691     1316844923
    278820    211      374789458
    278820    581     1058271718
    280330    360      687307786
    280330    532     1007757846
    278822    560      978648049
    278822    957     1667476154
    280364    703     1280183231
    278820   1034     1906918456
    280349    350      670744624
    280385   1652     3044644897
    279716    257      485836367
    280330    157      295404641
    280364    667     1219477199
    278822   1521     2534264122
    279716    130      248934658
    279760     73       34991576
    280364    957     1696757892
    278820   1323     2432439909
    279715    545      888114564
    279716   1102     1956769250
    278822    617     1083329643
    278820   1300     2393345694
    278969   1086     1860228195
    279667    113       91424048
    279667    666     1109789437
    279667    857     1474281248
    278969    425      655457672
    279715    125      111807156
    278969    317      463483868
    278969    111       91193609
    278969   1150     1974058829
    278975     44       76228814
    278975    291      479662868
    279667    354      526914219
    278969    787     1311287644
    278969    236      323541803
    280363    205      328662025
    279715    618     1028237013
    280385    224      415859105
    280385    278      516624707
    278820    953     1745023903
    278820    669     1221426893
    278820   1263     2330095585
    278820    616     1123420584
    278822    373      626973689
    278822    431      738586525
    279716    250      472304875
    279716    839     1541272816
    279694    183      328791079
    279694    997     1839115699
    279658    166      253321295
    279694     31       53425787
    279694    194      348147190
    279694   1266     2356879460
    279694   1893     3385564682
    279685     29       50054717
    279694   1121     2077207215
    279667   1006     1755757247
    279694    987     1822196892
    278969    581      933395954
    278969    583      937025977
    278986    115      114179450
    279658    523      941860546
    279685    102      192053991
    279715     81       37033317
    279667    272      372575897
    278969    453      707616188
    278969   1138     1952112389
    278969   1140     1956226807
    278969    374      558273101
    278975    320      526508908
    279115    410      627449319
    278963     31       53909758
    278957    129      131269573
    278962    100       71766394
    278957    171      198240497
    278957    173      203003902
    280015    165      303691065
    279823    215      288565664
    279823    310      453351627
    279844    232      296120995
    279115    469      726314565
    279115    445      687746075
    279116    248      437039131
    280015    426      795258191
    280018   1145     1960281139
    279694   1897     3391604241
    279994     36       61767790
    278963    138      247555784
    279841   1884     3271498070
    280017    386      685538367
    279841   2069     3556019325
    279841    704     1171577251
    279588    401      613214876
    279844    183      207256358
    279116    177      301711397
    279841    274      405802304
    280015    246      445817901
    279794    910     1554184053
    278923    382      624004414
    278957     92       59520189
    279794    323      467942588
    279116    240      421982348
    280015    439      819627381
    279841    486      787049295
    278923    398      653469995
    278962    359      553511797
    279116    118      197025600
    279115    359      539729511
    279794    864     1464897768
    279844    214      261854188
    280017    517      897022802
    280018    701     1216403156
    280015     78      134458272
    279841   1273     2209906407
    278923    269      421432038
    279794    821     1387711834
    280017    461      807347375
    279116    237      416616651
    279841    691     1149915270
    279588    300      422619351
    279794    103       73272724
    279794   1058     1832744279
    280018    140      213018625
    279794    919     1570149013
    283307    190      348529143
    283307    217      399146612
    283307    441      841780715
    283307    108      199438691
    283283    307      635284180
    283270   1235     2082336610
    283359    418      630290745
    283270    934     1519242407
    283407    112      100773056
    283307     61      111538368
    283270   1642     2818310667
    283283    174      362121917
    283307    455      868511663
    283283    555     1109550328
    283307    263      485197796
    283306    266      474084703
    283270    700     1105417005
    283283    777     1505786976
    283548    252      220535789
    282092   1571     2581046805
    283865    344      583244266
    283865    244      418437249
    283270    346      505014297
    283270    563      868074042
    283885    176      314732888
    283408     95      144791699
    283478    392      547250038
    283885    553     1012210257
    283885   1156     2059053837
    283453    358      515444711
    281797   1385     2333534565
    283885    454      818647973
    283885    631     1156368883
    281797    434      553115958
    283946   1373     2327806425
    283946   1423     2421181805
    283964     51       86475074
    283964     88      150878894
    283946    689     1051146492
    283682    320      594014131
    283270    186      220616414
    283865    476      814627620
    283865    971     1728285746
    282092   1080     1734690743
    282092    914     1438977373
    282092   2048     3369902791
    282092   2109     3480734454
    282092   1579     2594126044
    283270    233      308525073
    283865    301      510128820
    283865    286      485994699
    283865    358      608369017
    282092   1047     1676404187
    281797   1106     1807998182
    282037   1619     2823184928
    282037     24       47361761
    282037    506      922576834
    282037   1696     2974079434
    283682    208      382145029
    283478    867     1356260543
    282037    164      314666718
    283946    428      581796400
    281975    153      258352038
    282092    756     1141856632
    282092    799     1218675272
    281797   1572     2671604572
    283478    776     1202122091
    281797    802     1229302059
    283682     70      131708002
    283885    563     1030664680
    283885    648     1187587879
    283885    792     1447478589
    282037    267      499670548
    283946    130       87454934
    283682     45       85785406
    281797    277      278290567
    283408    620     1028239568
    283877    172      315048227
    282092     98       33030079
    283453    150      154454495
    283946    631      941936164
    281797    820     1266448022
    283885    212      376483722
    283408    627     1041496143
    283408    949     1602152144
    283885    142      255854344
    283946   1287     2162298388
    283946    152      125260900
    282037    747     1350636860
    282037   1513     2609808825
    283408    411      675049055
    281797    415      516810675
    283408    400      658905729
    283885     31       51672240
    283885    299      535538143
    282732      7       11450926
    283877   1484     2603647024
    284025    142       55960327
    283884    579      654868637
    283884    665      801940664
    282735    506     1019852963
    284043    155      240091092
    282730     99       41491754
    282732     65      114600790
    283308    283      550858485
    283876    339      492299641
    284036    274      485461760
    283353    794     1289394196
    283353    728     1173237061
    283059    370      698399591
    282037   1426     2470334971
    282037    131      257664666
    283946    851     1336897331
    283877    446      838033630
    281797   1184     1950748662
    281797    410      508062300
    283408   2339     3980275841
    283946    246      289172972
    281797    666      982942307
    281797    828     1283556241
    283408    900     1512920336
    283453    240      319604527
    283408   1962     3363812418
    282037    882     1574949508
    283885    883     1614728371
    281797    619      895732230
    283408    761     1281274287
    282092    192      196511921
    283946    469      656574443
    281797   1842     3107023160
    283682    165      297569069
    283408   2237     3785169981
    283946    743     1147134369
    283408     64       96478453
    283876    309      445091932
    283876    525      809092849
    284006    385      561653365
    283478    931     1468402208
    283353    348      508303985
    283835     47       73788356
    284035     83      130378330
    283358    149      266623751
    284043     97      151589636
    284037    127      243345535
    282734    281      561107780
    282735     21       38524629
    284037     83      159082117
    284037    170      320182579
    282712     55      106681376
    283876    104       90849627
    282814   1376     2561865938
    281976   1049     1847573505
    281976   1190     2133284361
    281693    121      227934319
    281976    935     1657497300
    281976   2113     3669150111
    282735   1811     3342272078
    283934    851     1450549993
    281693   1948     3541506911
    282735    261      525732999
    283353    250      335401702
    283358    463      853606752
    283358    210      372549331
    283884    419      393190918
    283059     77      138322544
    284036    328      577498534
    283353    300      423421873
    284029     67      110379169
    283358    326      599033633
    283876    108       99241404
    283876    715     1159886043
    283059    436      823726561
    283820    917     1621966795
    283830    540      963773536
    281976     70      135708454
    281976   1522     2713857924
    282919    202      391591530
    281707    526      759466461
    283934   1096     1910018262
    282735    799     1543444590
    281976    251      437039955
    282814    219      433333334
    281976   1322     2360972594
    281976   1375     2441313138
    281707    443      601987054
    281976   1587     2830504395
    281976   1661     2959694821
    282919    162      310385290
    281707    581      862871736
    281727   1478     2461439238
    283876    117      114727883
    284035    124      204215854
    283359    119      180236889
    283358    407      751418518
    283358    710     1304287928
    282712     11       19802728
    283059     88      161177489
    284014    241      422336800
    282734    141      288897561
    282734    155      313916022
    283933    195      216740970
    283884    485      510445779
    283834     62      109033898
    283308    162      310830334
    283884    572      644687173
    284006    198      227542083
    283820    226      382656905
    281707    933     1515933000
    281727     55       93595963
    281727    404      637920457
    282814    294      581311754
    282814    325      640425825
    283934      9       13411482
    281693   1806     3264862171
    281976    772     1365256657
    283052     85      140814414
    281707    337      412512336
    283934    618     1041788765
    283934    189      311441204
    283820    288      496602059
    282800     66      114425851
    282735   1141     2080978843
    283934    724     1222310148
    283934   1032     1792583501
    281693    160      298257992
    281727   1009     1714273165
    281707   1006     1657567723
    282035      9       18876896
    282814   1598     2974772134
    281976    194      336396340
    282800    331      629560826
    282919      4        8130662
    283830    366      624836967
    283934    416      679326247
    281726    161      305241007
    281726    172      326202302
    283830    181      331029016
    283934   1056     1833531564
    281693   1207     2287404667
    283820   1399     2465421676
    281707    728     1128341590
    281727    238      392288025
    282814   1341     2491179457
    282814   1527     2852517362
    281707    360      455314258
    283820    582     1022957750
    282034     24       51704509
    281707    223      210718903
    283830    392      664564806
    281707    165      113790449
    281693   1104     2102144103
    282800    347      662233638
    283934    672     1130021068
    283934    688     1155808345
    283934    700     1175598695
    283934    970     1680056919
    282923     84      169684384
    283049     84       40731989
    283043    240      444714885
    283820    771     1361456126
    281976    648     1144311185
    282807    213      420038608
    282807    213      418521428
