    299062    227      369563570
    297503    352      637136089
    297219   2431     3336237416
    300122    225      294880395
    302393    557      605512020
    304366   1130     1825613185
    304797    232      424196033
    306458     68      125389749
    306125   1153     2063738623
    306456    588     1001207707
    305365    389      649594621
    305336    198      321252684
    305336    165      258283613
    305406     78      135440440
    305341     63      111800221
    297101    840     1047021001
    299062    268      440281833
    297101    546      717859520
    297114     97      164590879
    297113     70      130883464
    297114     60      102685486
    299061     70       41087085
    297113    150      282695624
    299062    188      307344027
    297101    749      951750200
    297101    467      622476559
    299061    333      488124720
    299061     79       56961770
    299061     87       72558286
    299042     55       32496572
    299062    160      266806062
    297503     93      175987397
    297503     95      179461361
    297101    394      531505361
    297101     85      123480905
    297178    869     1055660390
    297562    167      276427156
    297562    201      326949389
    297558     71      110194505
    297178    629      799291334
    297178    807      990685366
    297100     76      139548591
    297099     43       41143870
    297562     33       53605217
    297486    538      854420150
    297487     37       51902167
    297050     60       72492208
    297503    356      644304487
    297503    499      916257738
    297178    503      653653376
    297178    556      715511795
    297057    114      156481993
    297100    325      576829635
    297503    291      527374239
    297100      8       14963673
    297487    592      754664303
    297488    239      269346332
    297488     64       73262648
    297050    567      680534457
    297503    550     1007785905
    297558     61       93468454
    297503    449      823481680
    297503    509      934016281
    297557    334      547574521
    297178   1302     1483632788
    297178    666      840937178
    297178    686      858555808
    297488    262      294397792
    297488    268      300538932
    297488    327      363723096
    297505      4        5120201
    297503     54      100819429
    297503    282      512255529
    297557    113      177475517
    297057    300      379475849
    297505    274      410596539
    297100    130      235253207
    297219     25       48693695
    297219     29       57035244
    297050     37       42292291
    297215     43       70199035
    297101    560      735355184
    297504     27       43797411
    297487     66       91252351
    297101    253      351701698
    297101    266      369479783
    297101    271      374303349
    297503     77      146167447
    297434     60       89910192
    297435     82      116534053
    297603     51       85830058
    297433    119      186680874
    297563    132      183823651
    297434     45       66780213
    297675    162      277284100
    297666    114      177835596
    297665    221      365199232
    297665    272      446264504
    297484     17       32948934
    297563     76      105785151
    297599    136      231345478
    297674     94      151425591
    297603    180      318523586
    297674    141      226829192
    297675      8       10678437
    297675     47       70732513
    297674     56       91527042
    297666     93      145546178
    297666     93      145327531
    297603    221      395504670
    297603    226      405969682
    297483    197      280685811
    297599      2        2122306
    297603    172      303542779
    297603    182      322333233
    297674    176      282921946
    299184     39       59530606
    297675    458      787062702
    299184    108      167137385
    297411    293      469608887
    297426     38       67934484
    297484    141      272734490
    297484    200      378580603
    297604     72      121944102
    297219    512      981539701
    299067    174      218286399
    297486    509      813547486
    297411    567      936586532
    297293     37       57238780
    297178     34       47992524
    297292    460      831743730
    297620     86       93268218
    297292    429      774000834
    297411    374      604928902
    297177     83      125460602
    299096     83      140952140
    297411    443      713481002
    297620    279      408463030
    297219    301      605603324
    297605    328      491004932
    297431     94      170906054
    297486      2        2444289
    297604     86      144558271
    297430    148      282183248
    297485     69      121229651
    297604    137      228489749
    299184    356      590272213
    299329    140      237279515
    297722     81       67188996
    299067    354      441732813
    299061    216      286079169
    297219    686     1268715525
    297219   1657     2564147975
    297485    348      613972138
    297219    888     1577613539
    297432     21       35263637
    297411    274      437386594
    297411    479      776552371
    297224     73       56171266
    299065     16       19572209
    297292    207      380192340
    297620    115      141732551
    299067    162      205997316
    297292    663     1187504848
    297292    663     1186408602
    299067    406      502586863
    297605    139      209828405
    297411    445      717445232
    297411    452      728008961
    297432     40       66101660
    297429      2        1840123
    297411    395      637173425
    297411    652     1087279882
    297292    716     1278242703
    297292    743     1320702393
    299149    220      269524650
    297605    129      194333686
    297175     52       89946183
    299067    260      325873408
    297292    725     1292888671
    297599    169      294731142
    297426      6        8612134
    297604    312      505181720
    297411    180      271484301
    297219   2010     2942153391
    297411    437      703460617
    299184    364      604160626
    297293    103      159635740
    297411    896     1489437824
    297411    946     1566781720
    297675    274      470471946
    297675    360      615452014
    297675    379      646350294
    297484    146      281722359
    297486     34       56627215
    297485    124      215109435
    297219   1692     2602720613
    297605    312      468421421
    297308     24       25572386
    297656     79       94085465
    297656    291      478312799
    297219   1507     2391015430
    297219   2333     3250083192
    297424     39       25903444
    297113     13       24084727
    297656    227      367225480
    297675    465      799371052
    299329    120      202899873
    299067    333      415531440
    297219    711     1309919641
    299067    132      167877460
    299067    178      223721034
    299149    427      611581392
    297722     85       73764242
    297411     84       96385226
    297426      7        9191194
    297411    745     1243815037
    297411    835     1392068340
    297603    298      540066607
    297665    120      201688356
    297486    555      879717019
    297485     61      107363734
    297219   2581     3467606592
    297722    170      231309218
    297603    273      493458378
    297606     68       86952461
    297219    397      782660045
    297219   1724     2638091480
    297665    135      226531379
    297485     59      103938557
    297485    131      227159243
    297430     89      170401565
    297430     93      178556681
    297178    282      381552550
    297292    281      507346296
    297486    413      670597434
    299184    371      614974775
    297656    315      518684006
    299184    467      770450776
    297675    261      448121703
    297219    937     1649914135
    299185     98      150029910
    299067    347      432307902
    299180     17       22821939
    297604    271      440571938
    297722    230      336958890
    297486    485      778356938
    299178     63       26289130
    297722    145      184487622
    297219    914     1615715908
    299062    287      472660455
    299061    269      376502836
    297292      3        5014887
    297486    279      462649069
    297219   1578     2473663573
    297606    115      146407679
    297605    189      279687877
    297605    154      229921205
    300633     74      117600478
    301627    700      592200461
    301959    908      967700327
    299370    157      171533035
    300560    102      121996754
    300632      6        6337294
    300636    101      145145167
    300636    116      165085307
    301941    140      128428902
    302029     15       18758949
    300467    108      109294109
    301627    377      335974947
    301627    847      699257840
    300515    211      364633654
    299481     19       21697573
    300400    536      793169035
    299480    166      242499879
    299368     46        8862778
    299368     58       18880498
    301985     26       28309981
    301985     71       76522156
    301627    181      145354065
    301665    240      205631658
    301959    592      676819812
    300515    429      703783956
    300459    215      319527291
    301941    343      327127680
    301627    128       86593626
    301997    231      240556624
    299369     55       72917981
    299369    113      155485558
    301998   1434     1149251684
    299480    512      726898144
    299450     82       65285071
    301998    716      642342890
    300463      6        6628711
    300576     22       27080641
    299370    343      434982934
    299478     60       87516641
    301987    417      313293604
    300515    271      461635324
    301998    754      673121913
    300560    210      249470069
    300560    287      338134247
    301998    526      488113904
    301998    878      768808828
    299370    305      383867795
    301997    234      243968569
    300560    116      139522659
    301998    393      375293563
    300467     79       83317988
    301987    742      525651828
    301567    137      127588193
    301913     35       26239937
    301987    425      318528052
    300576     42       59419127
    301987   1007      682044793
    301998    132      134241491
    299380     89       84313509
    299380     91       87424159
    301970     71       80959295
    300467     42       43981243
    299480    593      841181879
    300459    257      389240492
    300517    318      384492760
    300560    623      701602918
    299481    142      170729987
    300461     48       72803125
    300633    104      160248357
    300560    154      184151869
    299480    589      835785923
    300558    328      466369129
    301970     86       99430485
    301959    708      787799392
    301985    140      151455453
    301627    304      269141905
    301664    370      343705901
    301998   1421     1141152137
    301998   1677     1291919706
    301960     12        6963403
    300400    567      838541005
    300400    651      955361710
    300461     71      103991720
    299370    426      544480502
    300466    102      140616207
    300466    114      157707859
    300466    140      193220661
    300467    327      327956458
    299420     14       15132732
    300515    541      875936843
    300515    425      696977175
    301998    869      761629941
    300461     36       53680209
    301986    313      269166038
    301986    367      313603572
    299370    349      442777350
    301959    992     1038448595
    299478    105      151329381
    299479     26       34771831
    301987    727      516725886
    299370    197      229712951
    301941    171      161611995
    301959   1569     1477087320
    300515    214      369045604
    301567    190      183440879
    301959    860      926416525
    301959    888      951314943
    301959   1844     1657459104
    300560    107      128404072
    300467    369      368110987
    300467    480      470598757
    300464     31       44095811
    300558    470      657448246
    301627    929      755767496
    301665    370      308984324
    301912    215      161375231
    301998    185      185613735
    301627    177      141668844
    301941    376      356666355
    301959    635      718869058
    300576     32       43547612
    301998   1222     1013264926
    299478     71      105262241
    299478     90      129165578
    301627    131       90593087
    301627    546      476154370
    300515    263      449323807
    301627    147      108323123
    301986    251      220241971
    300466    284      379225437
    300466    386      500911429
    300400    496      733908350
    300558    530      734294440
    301959    826      896649560
    300515    244      419066032
    300515    246      422174778
    299480     38       53969962
    299480    413      587983800
    301959   1657     1536473618
    301959   1863     1669467392
    301960    114       66895676
    302019     78       55908778
    301665    282      239866668
    301941     82       64100530
    301959    127      138561587
    301984    271      321934904
    301987   1033      696539146
    301998    693      624262125
    301997    343      365693327
    300515     95      166562754
    300463     52       76104332
    300560    224      265810373
    300400    433      638613678
    301986    174      155199160
    301986    373      318521013
    301984    275      326974620
    300400    661      965939775
    300466    621      770474595
    300466    624      773183335
    300467      5        4678048
    300515    616      988826728
    301959    123      132945292
    299479     75      103683606
    299480    140      206508700
    301997    170      168220776
    299369    129      178378839
    300575     39       64897787
    301665     17       14959677
    301987     93       72661225
    299480    400      570838078
    299481     31       35605940
    299370    103      106779538
    299370    139      150884264
    299370    249      306885052
    300517    607      701056264
    301986    201      178253826
    301987    954      651680126
    300515    416      684486262
    300558    487      679412876
    300560    509      583437082
    300560    545      622196554
    301664     70       41652718
    301959   1372     1336989203
    299369    225      307331916
    299370    584      751141385
    300576    143      211878856
    301985     72       77516139
    301985    129      139351561
    299369     97      133034956
    299370    214      256013163
    301959    211      246939846
    299380     81       71648197
    301959   1066     1098102458
    300636    131      186501067
    301984    147      173801935
    300560    386      449843486
    301283    829      674494220
    301298    449      441060451
    301298    834      787104743
    300122    296      401020436
    300122    154      188193657
    300777    407      620616232
    300742    252      373616845
    300155    421      555231487
    300785    351      460534998
    300155    694      934748149
    300780    265      382535459
    300742    195      272106886
    300742    255      379926330
    300742    266      395767177
    300785    130      176422242
    300155    831     1120004802
    300777    397      604324486
    300123    167      195816156
    300123    216      251249311
    300155    518      694033734
    300155    524      703296424
    300155    526      705539763
    300157    368      393243939
    300777    456      702331349
    300157     41       39156576
    300780    226      324964380
    300123    293      334182187
    300157     15       10031119
    300122    134      155063390
    300780    207      297323038
    300777     98      125904585
    300777    217      330948344
    300123    274      315454599
    300777    248      380008260
    300123    299      341798858
    300123    306      348968736
    300123    359      406595282
    300155    201      243441390
    300155    201      242867516
    300155    593      797039441
    300122    241      319409974
    300157    134      143770961
    300742    280      420978216
    300777     84      101087869
    300777    119      166671018
    300155    278      357961772
    300155    381      502610395
    300155     63       50692391
    299593    458      573912561
    301472    126       99558108
    301472    126      100069750
    301530     36       27768682
    300282     55       78831602
    300157    804      811714863
    300226    239      303432761
    300282      5        6416532
    299594    147      189170574
    299594    155      200232573
    299594    276      344754652
    300155    949     1281608537
    300155   1070     1439555031
    301283    138      127305135
    301165     92       66782201
    301183    280      250580558
    300122    562      782108743
    300122    564      785689179
    300280    284      340335288
    300237    254      358623360
    301142    373      334698627
    301384    153      180380534
    300157    818      823449138
    300280    576      755440261
    299597    223      243214443
    300155    332      434419537
    300785    680      847115551
    300106     65      109506035
    300106     66      110088706
    300107     33       52452231
    300235    165      251160718
    301323    233      223945889
    301461    181      157511397
    299595     57       67900596
    299597    395      419781512
    299481    548      622456155
    300226    197      235833567
    300233    126      144017885
    301447    271      252403543
    301461    197      173615005
    299481    582      659396242
    300636   1500     1687154484
    301323    246      237820743
    300238    178      171655151
    301461    504      483204204
    301448    151      131720504
    300785    641      803035356
    299597    216      236178267
    301142     64       64246614
    300237    540      748338350
    300237    564      778729406
    301449    140      110447784
    300240    298      266396268
    300636   1140     1354869285
    301532    352      221835303
    301532    380      238764292
    299597    140      152741443
    300636   1471     1661255943
    301161    103       62059882
    300238    307      310770016
    301396     26       19755751
    301283     50       46467889
    300226    126      128732315
    300226    142      152195254
    300226    145      156187265
    300237    306      429340101
    301476    271      211182506
    301359    187      176339568
    299481    632      712300038
    300284    222      314788908
    301392    614      580921463
    301450    112       77220590
    301476    197      154280363
    300122    506      702347214
    301447    168      144717451
    300785    484      621267762
    300284    468      633871620
    299597    261      284188800
    299597    421      445569816
    300233    109      111675292
    299595     78       92308307
    301392    176      181164060
    301531    268      196408607
    299595     69       81527303
    300122    901     1243155666
    301384    370      409690174
    301397    489      360325901
    301397    607      442343529
    301476    366      282907123
    301476    156      123394330
    300817    102      139669105
    301472    338      323584561
    300284    211      300656774
    300284    302      421244507
    301359    204      195387425
    300155   1138     1522646344
    301142    521      445461681
    300238     51       32474166
    300226    295      396041083
    300157    634      655775362
    301448    308      263201973
    300226    186      220613662
    300636   1178     1391123670
    301330    353      359475608
    299594    254      317726680
    300106     32       53457275
    301384    389      429112015
    299593    648      836422229
    301323    946      878674816
    301391    112       83917028
    301384    184      214509470
    301476    126       99757593
    301461    142      114160464
    301447    503      478124589
    301392    371      366785057
    301532    214      138482973
    300239    101      103461180
    301472    589      567153542
    301142    624      519728152
    300226    254      328769552
    300817    421      583474627
    300817    458      632639573
    300236     52       63435419
    301142    207      198290410
    301532    293      186447856
    301472    195      175846107
    301472    381      365486058
    301161    143      103338913
    301281     95       57188597
    301281     98       59469661
    299593    113      127287376
    301384    343      381148246
    301449    142      111868390
    301449    376      286396296
    301476    385      297014265
    300817    123      169240909
    301392    287      286585919
    301447    218      197048339
    299593    709      918812571
    299594    130      167562885
    299594    234      294502919
    299593    119      137839500
    301323    336      332912518
    299593    305      348072819
    300817    150      208185131
    299593    491      621620218
    301323    913      858156420
    300237    495      690823528
    301323    289      285011386
    301323    389      383275037
    299593    415      508726759
    300240    278      248820574
    301392    534      514794299
    301323    735      708266413
    301531     20       14764739
    301531     46       35444193
    301531    204      150599669
    301532     66       43224539
    299593    878     1156986090
    299594    300      375223873
    301524     20       17990003
    301472    266      250773090
    301531      5        3454854
    301532     53       34170210
    300122    480      663904485
    301142    150      146502380
    301472    344      328904335
    301323    251      243756431
    301417    239      241637381
    300817    382      531455977
    301476    740      549725935
    300280    434      548890725
    301519    206      166598045
    300785    465      599432931
    301183    296      264840836
    299649    332      487867548
    301476    564      428894118
    300122   1066     1455241895
    300280    567      740980188
    301392    538      518618295
    300157   1066     1045142932
    300280    578      757128107
    299649    258      360501652
    301417    106       80411076
    300087     42        2542728
    301359    286      286007244
    300636   1392     1590763668
    299481    390      462606331
    301450     38       25138318
    301450     48       32430347
    300237    453      635368397
    301281     69       28713659
    301384    220      255030993
    301384    263      299551247
    301392    403      396268216
    300157   1057     1037543871
    300282      9       12404629
    300282     90      130652948
    300235     23       34860510
    300238    102       83666008
    301283    220      199105615
    301283    227      205571218
    301417     84       52913184
    301359    133      113373224
    301397    111       83865575
    301397    181      135662090
    301397    485      357632235
    300817    329      461701693
    301524    231      208230099
    301529     42       30611747
    301183    174      158215820
    301448    274      235604145
    301384    227      262380176
    301323    342      339614031
    301323    447      440384606
    301142    561      474731974
    300235     56       85579201
    300785    862     1036663209
    300812     36       57039444
    301298    760      723216309
    300576    277      426558927
    300633    409      615838827
    300636    739      934380424
    300636    587      760639331
    301298    500      488711833
    300558     19       18853120
    300633    340      514399014
    300576    341      521602563
    300633    406      611120073
    301298    876      821545561
    300811    338      572131281
    300806    110      125791206
    301323    682      660915469
    300636    176      246585612
    301323    471      463894069
    301298    849      798991666
    301298    883      827669407
    300785    181      242825120
    300636    649      831470620
    300401    195      227010244
    300401    606      700458960
    300785    772      940368476
    300635    139      192235167
    300635    161      220459614
    299593    215      213791943
    300122   1280     1717076944
    300514     92      104114792
    300514    117      148363424
    300636    299      408760866
    300516     61       76638763
    300400     83      119379561
    300400    223      336501465
    300558    105      138982039
    300636   1122     1337179120
    300372      5        6158798
    300811    160      272879297
    301283    639      535501101
    300467    562      542231151
    300576    971     1397415647
    300389    143      233598935
    300780    176      254493691
    300280    124      132465152
    300280    356      443314647
    301161    623      526526970
    301298    717      685794044
    301298    914      852528523
    300400    312      465824771
    301283    770      633076756
    300400    257      386957579
    300464     68       98136366
    299481    670      750211700
    300636    940     1151841475
    300816      6        2363431
    300284    547      731728413
    300464    249      360977048
    300633    434      650637898
    300636      2        1379053
    300636     24       32788270
    299593    857     1128577041
    300811     31       46461349
    301283    860      693440464
    300676     22       34903291
    300811    107      175947198
    300284    668      872882295
    301298    528      515755004
    301298    582      563824629
    301298    591      572534920
    300780    321      466272256
    300401    393      465549737
    300806    129      161644209
    300806    130      162960229
    300284     39       57008838
    299593    254      270981071
    299594     41       52253094
    300284    523      702224865
    300364     32        6442309
    301323    368      362712388
    300401    557      646129821
    300636    814     1015975664
    300636   1014     1227684320
    300636   1044     1258060912
    299481    859      942268051
    300633    446      668110266
    300635     87      120076765
    300464    200      291074187
    300464    201      292514237
    300558    190      268882556
    300636    685      873777219
    300785    836     1008571623
    300785    953     1131212164
    300785    978     1156083312
    300811     21       28930306
    300364     31        4485706
    300636    992     1206144854
    300676      7        8230583
    300811     58       95474985
    300375     18       23866277
    300375     33       48199977
    300375     57       87881120
    300635     63       87666808
    300122    939     1287875838
    302525    395      494681771
    302485    266      337323675
    302485    665      769809089
    302344     59       54340200
    302548     92       73380160
    302448   1055     1140035238
    302448   1060     1145362591
    302448   1148     1219635731
    302448   1224     1283950661
    302448   1230     1289049833
    302344    233      211777898
    302344    249      225639477
    302322    331      271663135
    302322    430      353360192
    302553    150      188111615
    302526     93       88632505
    302472    354      442545729
    302472    430      532077736
    302485    699      803545815
    302494    537      445442443
    302525    583      694656524
    302526    338      310717792
    302485    338      420821665
    302485    352      437333720
    302448   1345     1383247262
    302448   1408     1433251145
    302448   1440     1458901494
    302448     44       24468709
    302448    107      113038977
    302448    112      120283588
    302448    113      121196251
    302448    119      128867047
    302553     85      109170032
    302572     20       18908477
    302448   1740     1691061024
    302343     81       80194415
    302485    897      995469620
    302494    484      404063171
    302485    301      378346839
    302485    307      385813359
    302485    319      398975067
    302525    164      219263935
    302322    155      114653731
    302485    503      600088521
    302337     76       50456827
    302337     86       61694837
    302448    216      256454882
    302337    147      129000902
    302392     69       43635666
    302525    301      385773422
    302485    462      555368057
    302525     27       37636262
    302448    609      705404651
    302494     97       83812380
    302485    845      946106868
    302485    850      950461035
    302548     47        7810474
    302328     77       35208721
    302472    340      426493104
    302448   1878     1792192451
    302523     31       46971555
    302448    430      510487829
    302555      8        7024806
    302448    233      276242789
    302448    251      299033726
    302344     91       84162443
    302526    301      278827333
    302526    310      286791882
    302526    557      494986056
    302328    303      258332352
    302263   1220      976176896
    302263    360      330764277
    302263    439      396995423
    302263    558      494529711
    302263    419      381146263
    302042     51       35598708
    302263    496      444273775
    302263    511      456185532
    302042    464      304686584
    302277    172      171674431
    302263    883      745867607
    302031    192      207580762
    302031    670      669053354
    302280     94       57913024
    302040    140      106800741
    302040    150      114426366
    302040    150      114691264
    302043    211      119069064
    302040     72       55356000
    302031    160      172364361
    302031     70       80130115
    302031    270      291528900
    302031    172      185726987
    302263    488      437234436
    302263    664      579740922
    302042    169      116877543
    302031    541      554062184
    302043     49       27994835
    302263    481      432132761
    302031      6        6398620
    302031    725      715294192
    302277    304      298212131
    302279     56       32035061
    302280    141       83602180
    302031    249      269584128
    302596    185      206151186
    302634    423      513300313
    302634    439      533131592
    302635   1178     1042451069
    302229    125      127045225
    302229    205      203404062
    302596    957     1065972385
    302472    761      894384153
    302634    269      320196916
    302634    272      324656323
    302472     50       35334629
    302472    108      122419317
    302473    201      196369923
    302473    281      269597830
    302472    157      191376620
    302472    172      212527624
    302596    902     1012217810
    302597    190      173426597
    302597    431      378060219
    302479     50       27994442
    302596    669      769627558
    302240    582      574685724
    302473    310      295947349
    302473    326      310254249
    302473    351      332737542
    302479    107      106716346
    302596    176      193816454
    302225    519      460269371
    302634    211      244490675
    302635    424      422003699
    302225    553      488972646
    302228    199      166523240
    302635   1214     1068943375
    302597    645      550196618
    302597    795      668983562
    302597    987      809951375
    302597     30       28216383
    302597    807      677766848
    302472    244      307307104
    302597    222      201768626
    302472    683      813086727
    302597    879      731551627
    302229     90       91164964
    302229    134      135375654
    302596    408      482318384
    302479     78       63813861
    302479    150      171599728
    302596    124      123849243
    302596    157      167826993
    302597    266      238827917
    302474    178      150253392
    302596    746      852919470
    302473    186      182898347
    302597    522      450844469
    302597    616      526132631
    302597    682      580131734
    302225    665      583202207
    302225    778      674973424
    302225    189      156734966
    302229    163      164011309
    302634    459      557277382
    302473     58       58228106
    302479    238      297623227
    302635   1035      933250617
    302479    254      320445250
    302484    135      185566561
    302635   1150     1021406390
    302225     62       15659340
    302597    120      111159476
    302479    216      267533139
    302573    183      193166587
    302654     20       25805896
    302663    626      744211192
    302663    626      744373915
    302393    822      854438339
    302393    579      626705781
    302393    694      737415685
    302240    839      788752759
    302240    947      867728428
    302573   1206     1082289551
    302596    596      693401152
    302596    600      696869215
    302163   1089      905447560
    302131    646      566086417
    302392    305      378083000
    302573   1192     1071397503
    302393    256      294741202
    302393     39       46397602
    302131    114       81710576
    302240    703      676138795
    302393    248      286066375
    302393    668      712400541
    302663    270      337753507
    302654    242      296330021
    302131    381      338963156
    302131    431      384287111
    302262    259      274304612
    302262    265      281531953
    302573     34       36207228
    302573    268      281188994
    302485    127      165411814
    302485    114      149343714
    302131    771      664541565
    302263    181      172410654
    302654    165      205745232
    302159     51       17109783
    302262     57       33540634
    302262    406      434370572
    302262    285      303422639
    302263     26       25205515
    302388    129      140832204
    302635    319      324602823
    302262    115      108133065
    302163    633      568619056
    302388    703      784867142
    302393    607      653619257
    302393    739      778669955
    302634     68       40099049
    302634    121      119724898
    302131    480      427492896
    302165     37       21780095
    302388     89       86552791
    302163    113       88827675
    302572    146      168429772
    302572    172      197638750
    302572    229      262442217
    302388    411      478830729
    302392    247      301049347
    302663    259      325230291
    302663    310      386111420
    302485     34       45970712
    302388    195      226687372
    302661     45       56324115
    302663    357      440028033
    302663    507      610952932
    302131    532      472590647
    302163    209      187876158
    302634    473      573742929
    302392    163      184031680
    302163    477      434401869
    302635    160      167555057
    302596    920     1030064060
    302663    427      519411448
    302159     99       76879492
    302263     53       52696535
    302573    960      892540788
    302573   1033      946905934
    302392    214      256897992
    304292    800     1379142309
    304778    652     1059120796
    304671    532      852919682
    303948    388      620071038
    303948    383      609655305
    303948    594      955759212
    304170     27       25259403
    304144    351      562394548
    304292    565     1051031425
    304292   1749     2304012586
    304169   1214     1669536800
    304169   1608     2068660936
    304292   1434     2042948230
    304125   1060     1453653179
    304292    311      629744681
    304292    191      392022924
    304292    342      683631160
    304292   1187     1809403517
    304292   1109     1729763749
    304292   1759     2312264932
    304777    382      640645351
    304777    411      688170484
    304777    493      815867557
    303948    933     1442879859
    304169   1260     1714657452
    304663    275      495389209
    304663    242      432134495
    304200     35       64920897
    303948   1615     2174435096
    304663    582     1007799152
    304778    224      414222144
    304200    153      295887999
    304144    126      124528923
    304292   1581     2169008264
    304671    415      663445635
    304671    415      664752748
    304671    168      242136524
    303948    659     1050534373
    303948   1430     2000119628
    304170    100       93654601
    304125   1666     1987180985
    304125   1683     2001149144
    304292    786     1362826243
    304292    927     1530783414
    304292    979     1586208023
    304292    997     1607102084
    304671    881     1461238848
    303948    537      869517259
    303948    625     1001341379
    304777    219      380484938
    304144    258      389239692
    304671    935     1546051030
    303948    272      417065620
    303948   1549     2113616642
    304125   1695     2010163748
    304663    550      958864434
    304778    273      496861073
    304125   1142     1532863363
    304292    614     1125162133
    304292    356      705435728
    304125   1585     1920425384
    304671    423      675318424
    304778    336      600435660
    304144    225      323062635
    303948    609      978048934
    303948    757     1198398453
    303948   1214     1774830102
    303948   1370     1938947717
    303948   1662     2217473852
    304170    345      311431578
    304778    133      253829893
    304125   1115     1506946652
    304169    776     1175502271
    304292    758     1328952910
    304125   1324     1702685261
    304200      3        4131914
    304777    304      508071771
    304292    809     1390926436
    304169   1177     1631523522
    304169   1625     2085577183
    304125    797     1173972673
    304169    667     1033537440
    304292   1098     1718094040
    304292    326      654821922
    304125   1293     1673973548
    304292    241      494828154
    304169    733     1121382997
    304292    276      563422362
    304292    315      635835311
    304169    732     1119852437
    303948   1002     1528078449
    303948   1004     1530845502
    304125    906     1293063321
    304777     79      135250232
    304170    594      502848947
    303948    797     1257231901
    304125    900     1286804474
    304144    300      470447771
    304777    248      428663169
    304778    560      936735462
    304740     17       17234043
    304062    584      896615874
    304062    590      905387175
    304209    189      283564258
    304738    294      500866484
    304738    315      538195317
    304778    774     1208994756
    304144    451      750810403
    304125    416      684509554
    304366    713     1201576557
    304366    795     1335462654
    304144   1607     2474434687
    304144   1610     2477393064
    304562    140      177644943
    304738   1428     2208722250
    304738    821     1409998043
    304797    916     1652758996
    304125    181      324495662
    304125    206      364744585
    303999    223      380123165
    304562    142      181068063
    304797   1857     2768138943
    304671    541      866573064
    304062    611      936350192
    304062    643      982027174
    304062    658     1003464102
    304778   1165     1611007177
    304778   1209     1651060563
    303999    517      822339854
    304333    362      541599943
    304616    735     1226439897
    304616    500      808513873
    304616    829     1373094128
    304333    168      219486577
    304738    443      750052282
    304738    459      775514630
    304738    472      796218747
    304738     17       30485114
    304797    454      820046977
    304625    311      450280164
    304738   1196     1943395827
    304738   1196     1943773985
    304738   1218     1970165777
    304144   1073     1828603329
    304144   1074     1829936241
    304144   1283     2114926443
    304125    572      896363937
    304125    585      913256073
    304797   1956     2855403429
    304797    280      513989894
    304144   2052     2890558474
    304144   2087     2920123635
    304144   2190     3004100690
    304144   2223     3030576108
    304209    267      430517720
    304209    297      490455966
    304366   1436     2180021622
    304366   1448     2192350960
    304797   2358     3183424181
    304797   2449     3247834811
    304797   2518     3296468663
    304797   2296     3135895030
    304797   2345     3172996841
    304797   2633     3373613190
    304333    310      462378889
    304366   1176     1883953354
    304738    656     1131779453
    304333     99       92933203
    303999    482      772760060
    304616    262      400290926
    304616    279      426499826
    304616    142      196444905
    304616    173      256442232
    304125    440      719069259
    304125    450      732236631
    304625    215      280576160
    304144   2402     3169802167
    304144   2483     3229215994
    304366    613     1026218014
    303999     91      162063628
    304738    910     1551524627
    304738   1351     2124546031
    304654    191      295105436
    304797   1633     2560141123
    304169    318      487188491
    304169    331      508872630
    304169    346      534670231
    304169    360      558547918
    304797   2884     3531822230
    304797    181      324458626
    304120     19       33033443
    304144    852     1496433668
    304125    244      423509149
    304125    255      439117723
    304125    263      451396067
    304625    370      550662955
    304625    371      551183486
    304625    382      569022438
    304120     33       57993235
    304120     74      141349443
    304562    506      807502198
    304797   1253     2136096571
    304144    976     1686866862
    304625    167      195218597
    304625    167      195564238
    304333    133      158949844
    304125    419      688489720
    304125    478      771821283
    304562    798     1372350431
    304125     13       24405072
    304125     35       66410961
    304125     55      105061752
    303999    546      862541327
    304778   1054     1505735346
    304120    202      387096604
    304616    827     1370680904
    304616    950     1548102631
    304158   1495     1805713769
    304625    213      277872747
    304158    864     1108280962
    304797    341      613371262
    304797    303      545561191
    304366    851     1427945233
    304366    858     1439217431
    304158   1253     1568606758
    304158   1522     1830899424
    304158   1829     2090590120
    304738   1258     2017730907
    304738   1462     2244406453
    304125    456      741470429
    304144   1406     2260150768
    304625    206      264872398
    304738    375      637477500
    304738     59      104764583
    303998    301      479887719
    304797   1347     2249240426
    304119     88       75708908
    304120    174      332203572
    304120    228      436583457
    304120    248      473796203
    304158   1756     2032648281
    304144    355      568767731
    304144    377      609378880
    304144    380      614436825
    304616    747     1245268108
    304737     91       65345389
    304671    996     1635957377
    304672      2        2166657
    304158   1007     1292038674
    304158   1096     1399659449
    304671    389      622025538
    304671    398      636555260
    304144    592     1033657495
    304144    652     1150565736
    303838   1100     1493084513
    303948     81       50216864
    304209    143      196592117
    304655    641      940126117
    303885    806     1147631292
    303838   1925     2208368813
    304062   2001     2376627045
    304062   2006     2379650414
    304508    689      938608624
    304062   1278     1746002414
    304062   1858     2268464348
    304144   1164     1958161778
    304506    317      508449355
    304616    584      967204087
    304655    110      190372753
    304062   1086     1543814396
    303838    926     1305321013
    303838   1039     1428687936
    303838   1163     1557822884
    303838   1360     1749824479
    303838   1771     2093419814
    304292     19       40030395
    303885    436      624633178
    304204    239      324441900
    304625    505      773727057
    304778   1189     1632791641
    304797     40       44574781
    304562    628     1048019508
    304333    392      583701596
    304333    414      613315355
    304158    709      896732944
    304062     76       32909093
    304738    104      183802991
    304562    736     1259178580
    304169    174      226119282
    304125    162      293129913
    304125    184      329887910
    304125    196      348946028
    304778   1269     1704986119
    304738   1405     2183823705
    304797    749     1363905027
    304144    516      882271463
    304144    549      947827584
    304562    212      288090000
    304366    678     1140038556
    304366    709     1193212037
    304738    427      723847427
    304738    952     1616374947
    303998     78       54461989
    304797   2605     3355264932
    304797   2698     3415852684
    304144    498      846102237
    304738   1058     1765213893
    304738   1087     1804751249
    304625    423      625359582
    304562    295      430848111
    304738   1163     1903062074
    304738   1634     2418344501
    304797   1506     2426840911
    304778   1069     1520286289
    304333    478      721095392
    304144   2008     2851849206
    304144   2024     2865969089
    304671    507      813625408
    304797    737     1344145986
    304797    764     1391181887
    304562    614     1022316359
    304209    455      791044573
    304333    129      151706662
    304508    149      237098549
    304508    779     1032695213
    303838   1218     1612243152
    304204    376      587119097
    304508    910     1163980039
    304158   1805     2072466128
    303885   1314     1712559420
    304447    353      617377627
    304655     59      103893306
    304616    417      665123300
    304616    471      754180365
    304447   1244     1927303572
    303948    212      305664070
    304616    560      924615794
    303825     31       26251395
    304506    311      500468705
    304200    228      433430752
    304158    424      464093216
    304209    142      195050231
    304354    244      316863605
    304655    874     1197845398
    303832    393      490632588
    304366   1064     1738392523
    304354    230      291542090
    304158   1242     1556726369
    304158    946     1212719988
    303832    211      237772965
    303832    856     1018912856
    304144   1206     2014829591
    304655     11       19853657
    304062   1844     2257523602
    303832    166      169811132
    304062    875     1294913738
    304508    445      656010194
    303838    996     1381284394
    303838   1071     1463320208
    303838   1546     1912650505
    304062   1684     2126640759
    304062   1730     2165154444
    304062   1767     2195894430
    304655    842     1164679781
    304333    839     1378789956
    304204    171      215045786
    304447    110      201758007
    303838   2002     2265498330
    304333   1178     1853836145
    304508    658      906412309
    303838    887     1259680799
    304508     86      139477035
    304655    152      262784826
    304655    152      263558361
    304507    120      137303918
    304506    332      531194067
    304333   1394     2101701339
    303885    274      369560097
    304158    296      256909281
    303885    197      238867626
    304661    142      194187228
    304507    161      190250416
    304062    160      190122109
    304333   1389     2095846162
    303885    683      980368118
    304506    370      586617181
    304366    226      381252012
    304655    160      276166625
    303885    380      539271954
    304655    718     1029083630
    304062   1285     1753545505
    304062   1330     1800691282
    304507    146      171496521
    304663    410      729333819
    304144    557      963590201
    304200    256      484848602
    304200    257      486728171
    304655    326      531453799
    304655    538      816177782
    303838    969     1351999241
    304508    487      707529997
    304158    505      594747445
    304616    591      981140921
    304447    918     1534485025
    304447    974     1608447443
    304508     77      124336741
    304655    339      550931909
    304654    639      980836524
    304333   1451     2161368741
    304204    181      233328259
    304447     68      126651062
    304507     68       69056800
    303885   1676     2043894953
    303885   1761     2112114171
    303832     73       37198890
    303885   1051     1439586642
    304655   1070     1385496861
    303832   1000     1160482619
    303885   1236     1635455236
    303885    350      492755712
    304655    608      902695360
    304655    456      711829266
    304062    211      286182037
    304062   1473     1939688782
    304663     67      115201947
    304144   1891     2746820823
    304506     18       30283406
    304333   1348     2050629648
    304508    454      668292259
    304354     89       33427613
    304204    312      464758997
    303832    877     1040436723
    303885     67       16683420
    304062    533      822035074
    304508   1063     1306409147
    304447   1123     1788782537
    304508    157      249772036
    304508    237      370562780
    304333    853     1402062912
    304447    985     1622891571
    304507    167      199281089
    304158    923     1183182929
    304661    109      129167565
    304506    366      581426810
    304204     72       42217844
    303885    747     1068619931
    303885    527      759757824
    303885    527      760708853
    304204    161      197952042
    304616    553      911595608
    303885   1310     1709173939
    304062   1671     2116238622
    304507    150      177162368
    303838   1618     1973021044
    304204    102       86798157
    304062    480      737518647
    304616    837     1385952493
    304447    274      459890610
    303838   1261     1653877533
    304447   1021     1667468948
    304447     82      151139652
    304508     15       24361548
    304366    137      220376681
    303832   1356     1469248630
    303948    186      253432390
    304062   1329     1799040281
    304209     86       82667611
    303832    982     1143645453
    304333    767     1256497284
    304158    526      628392687
    304204    138      153823674
    304062   2010     2382924172
    304158   1896     2143408037
    305247    352      591220113
    305114    498      514270164
    305518    989     1594705651
    305112    890     1526113621
    305202    290      407251002
    305237    478      903327134
    305202    172      201166938
    306456    436      729819238
    305364     77       69292959
    305406   1306     2113932682
    305044     96      160023372
    305248    173      304711441
    305248    545      979501819
    305814    468      738454058
    305202     95       64761058
    305207    325      494879180
    305188    291      498394350
    305248    109      195670329
    305237     91      173267701
    305814   1249     2122380062
    305406   1239     2033552099
    305636   1888     3152613801
    305902    415      651424128
    305898    388      613417746
    305064    771     1174847045
    305202    585      888555519
    305589    269      519922129
    305766    579     1011016441
    305898    320      494353635
    305636    183      263691722
    305821    256      409569996
    305248    407      731571453
    305112   1492     2415883705
    305814    434      680144385
    305208    268      431285118
    305237    754     1415875582
    306041     71      138425843
    305064   1658     2020193848
    305313    510      853312487
    305112   1396     2300690043
    306456    319      546873599
    306458     51       96621071
    306459    225      350240172
    305406   1393     2214059590
    305898     90       73116850
    305207    394      610204995
    305518    370      692209714
    305365     81      137605817
    305814    450      707588961
    305814   1554     2576036016
    305188    566      893151449
    305237    469      885874830
    305237    834     1564939824
    305237    132      253470375
    305204    255      435728918
    305516    359      580907453
    305516     77       80875749
    305814   1776     2867776907
    305898    644     1048730495
    306041     65      126339341
    305821    764     1285533202
    305766    577     1006219747
    306456    280      493517755
    306051    334      457228953
    305112    192      253889318
    305898    163      205205365
    305814    125      107459797
    305766    844     1506447916
    305814   1318     2230529480
    305821    428      722934862
    305112    391      637493593
    306092    177      324712309
    305814   1741     2824673688
    305377    786     1438723813
    305821    818     1383102755
    305112    341      540254707
    305237    523      986467068
    305313    561      923328503
    305814    872     1452754958
    305377   1343     2357057075
    305112    252      369877842
    305207    617      963106574
    305809    126      165062205
    305188     68      123308427
    305064   1516     1908706073
    305636    204      306400355
    305064    234      387419659
    305207    564      876313538
    305516     69       67258602
    305064   1506     1900311317
    305237    677     1268011480
    305237   1147     2126558562
    305248    431      777955235
    305902    228      330728468
    305188    866     1289152896
    305204    726     1134205558
    306049    290      503529343
    305814    540      849119168
    305064    284      472153235
    305518    617     1087631056
    305518    654     1142654505
    305313    578      946817850
    305636    354      588275099
    305814    737     1204660830
    305252    189      232533105
    305766    433      759107090
    305202    457      687462516
    305814    657     1052412591
    305814    918     1537768680
    305081    414      698814936
    305112    462      772951124
    305208    227      371276959
    305112    809     1382312203
    305636    206      309935228
    305112    764     1301215224
    305112    820     1401554201
    305237    209      404622755
    305377   1129     2052946981
    305440    259      442202742
    305202    547      833216301
    306051    225      315863391
    305207    882     1408600297
    306456    130      232114839
    305112    272      409149216
    305112   1170     1990011398
    305518   1084     1709529979
    305589    621     1136159308
    305044      8       10310171
    305440    270      460226484
    305814    394      608480487
    305636   1753     2983760091
    305207    301      455564870
    305204   1022     1474865915
    305045    307      534457973
    305518    349      653503373
    305112    708     1199771823
    305188    913     1344610217
    305636    223      342163412
    305207   1051     1711539339
    305840    696     1242667789
    305202    432      646540726
    305814    857     1425564631
    305188    980     1418581789
    306458    119      217109833
    305377    599     1073718299
    305898    193      261363530
    305188    481      764699728
    305358    162      157987130
    305377    821     1512871644
    305207     85       81337644
    305898    566      923543134
    306049     11       20240961
    305518    842     1401243488
    305377    851     1575159481
    305814    522      817351522
    305814   1695     2765533217
    305377    288      521432745
    305440    193      323347925
    305376    141      159074902
    305902    127      152629165
    305064    131      207635034
    305248     37       66089514
    305252    417      486296003
    305247    335      559210290
    305045    830     1297293439
    305112    515      860234694
    306458    243      421005498
    305064    197      323931726
    305188    405      662747700
    305112    878     1505563679
    305248    781     1379713585
    305636   1550     2707399716
    305636   1931     3203960748
    305064     61       94658479
    305064     62       95496337
    305518    818     1369275570
    305064    263      437338027
    305207    595      926224229
    305112    107       92662195
    305406   1032     1774931015
    305252    260      315606611
    305518    913     1497132919
    305809    111      136553909
    305377    486      886579090
    305821    630     1058366406
    305589    310      596231921
    305377    312      568415771
    305898    683     1119223160
    305898    712     1166666440
    305898    780     1287482632
    305377    948     1758963432
    305406    956     1672502386
    305406    966     1686332690
    305188    101      183313103
    305440    136      221715777
    305207   1007     1634443551
    305840     94      174583988
    306458     95      173311037
    306458    143      257275217
    305064    432      709022846
    306456    144      256342428
    305406   1428     2253811578
    305766    738     1299191720
    305202    580      877828541
    305518    896     1474858857
    305207    716     1123433163
    305248    770     1361174811
    305314    208      242606219
    306459    559      799480813
    306459   1219     1531527109
    306459   1212     1525204474
    305766    517      908324792
    305188    600      942201579
    305377   1181     2131518107
    305112   1200     2034206150
    305518   1115     1739951148
    305518    499      906798378
    305377    200      351796876
    305112   1222     2067767654
    305202    454      683690450
    306456     93      164440284
    305207    411      637969610
    305365    203      344718286
    305237     30       56034208
    305840    265      492786192
    305188    687     1063482022
    306458    151      271479970
    305766    593     1036128412
    305840   1044     1722039008
    305636    624     1065156294
    305188     64      116100840
    305252    302      363954306
    305252    506      575658646
    305898    211      294022961
    306092    306      575762724
    306092    309      581258906
    305112    648     1105398155
    305114     26       29236255
    305248    185      327287241
    305814   1397     2348497034
    305590     17       24111233
    305064    441      722835619
    305188    877     1302836233
    305440    111      177553890
    305248    357      635421137
    305064    286      476257992
    305247    304      499886563
    305202    196      242925035
    305516    153      209573307
    305248    281      491920316
    305406   1115     1876073293
    305237    168      325926834
    305766    474      834585460
    306458     27       51067027
    305188     40       69238075
    305237    645     1207369961
    305248    428      772085021
    305314    381      418088397
    305814   1708     2782103323
    305208    177      296994970
    306042     49       90130707
    306125   2071     3219011558
    305336    108      149257417
    305341    103      182381286
    305341    105      185695514
    306135    713     1249807143
    305589    367      699922151
    305636    756     1313012457
    306051    408      540111936
    305183    180      301727600
    306135    298      542541913
    305336    215      353226690
    306049    106      195327855
    305636   1586     2757603827
    306423    317      574055223
    305186    215      336484116
    306138    936     1264972222
    306459   1900     2140045258
    306459   2201     2400515673
    305204   1070     1526774329
    305406    610     1122107585
    306139    136      124408664
    305518     63      124874928
    306154    630     1073861213
    306456    464      770084305
    305081    632     1084226529
    305351    409      695541585
    306038     68      135554885
    306154    886     1572153846
    305183    115      193258704
    305518    130      249619088
    306169    689      582988168
    305248    861     1501388940
    305366    568      894216525
    305366    850     1227108295
    305179     15       19524510
    306459    555      794218674
    305636    848     1490900771
    305045    297      517267283
    305636   1299     2330473219
    305636   1758     2990210464
    306138    839     1159442981
    306139    881      762627116
    305405    497      884608841
    306456     38       67844094
    306138    188      308398282
    306138    229      370115811
    306138    240      386091579
    306138    744     1052047156
    305405     99      178751673
    306042    274      542476566
    305406     85      147634216
    306171     64       47583817
    305341     45       79405743
    306051    150      210853055
    305313     95      171995766
    306432     39       67070924
    305310    142      187017540
    306459    651      912271215
    306459   1503     1800107289
    305351    103      186261073
    305059    357      491857515
    305186    229      356407230
    305336    179      285337090
    305341     65      115094146
    305313     31       57028946
    306135    304      551820592
    306138    460      692925941
    305204    626     1005778904
    305204    965     1414604998
    305589    394      751378927
    306041    142      276142066
    306155    588      814685460
    305081    531      899687920
    306153    127      106993536
    306138    972     1303679575
    306139    925      799781387
    306423    209      366853454
    305081    747     1266995493
    305045    516      868424829
    306153    136      123683253
    305186    344      562087787
    305405     71      126204288
    306456    529      888939270
    305064   1267     1695019713
    305311     36       65622249
    305636    985     1760981895
    306042    152      295888053
    305406    567     1045807429
    305636   1127     2027805374
    305207    208      299470880
    306138    693      991423102
    305312     11       18391351
    305636   2247     3555306127
    305059    128      123689192
    306154    433      703297173
    306154    439      713592832
    306122     25       45504437
    305081   1083     1833655636
    305081   1083     1832279905
    305059    179      208560026
    305636   1143     2055722250
    306456    745     1304950229
    306457      8       13308171
    306154   1130     2026493905
    305366   1237     1610742045
    306135    885     1577708977
    306135    899     1599585782
    305312     28       48909721
    305248    941     1618354917
    306092     59       99953184
    305081    607     1039971739
    305183    165      277467158
    306138    706     1006565574
    305204   1051     1506189445
    305406     76      130657675
    305636   1800     3042529677
    305204     25       42860950
    305406    543     1002922425
    306459    856     1144315717
    306459     50       81927292
    306125   1967     3106333591
    306460     35       28908857
    305179      9       15229687
    306459   1257     1570510803
    306459   1909     2147330455
    305366    401      670567880
    305366    431      713573287
    305366    459      753457615
    305366    673     1025249383
    305310     80       68085722
    305766    800     1420861367
    305351    518      847553002
    305366    447      736301518
    305366    660     1009587825
    306169    574      484090168
    305636   1713     2931265061
    305366    870     1249145420
    306125    851     1544678572
    306459    460      671610594
    306154    718     1241746041
    306139    913      789477533
    305204    904     1346327675
    306049     83      154223003
    306418      7       11362890
    306456    646     1112718574
    306042    201      389650712
    305081    522      885565095
    305045    450      760579636
    305282    111       98426795
    306171    351      267733375
    306154   1150     2060759888
    305183     37       63541264
    305406    640     1175889219
    306138    448      675733958
    306138    517      768582496
    305064   1343     1762804608
    306125   1956     3095390000
    305312     67      115797419
    305081    422      713212152
    305183     61      101073614
    305064   1567     1949057048
    305064   1820     2143124854
    306456    732     1279447316
    305366   1165     1542067791
    306432     32       53826426
    305081     60       18604783
    306139    960      828993488
    306171    456      343404067
    306459   1088     1395252635
    306459   1281     1594280223
    305405    143      256741622
    306139   1020      879186011
    306154    237      373963904
    305636    702     1208896031
    305046    344      367059676
    305059    112       95952931
    305064   1761     2099251666
    305059    152      163322925
    305636    857     1510696615
    306125    128      223571210
    306459    145      230501030
    306459    427      627929141
    305045    484      816044487
    305183    192      321111938
    305204    244      417188608
    305406    583     1075115789
    305351    744     1132031626
    305204   1031     1485461040
    305311      8       12927978
    305349     12       19911596
    305351    300      531042773
    305406    534      985650850
    305045    475      800896761
    305517     74      132037804
    306135    835     1483923295
    305341     27       48362365
    306049    156      283492257
    305636    845     1486382423
    305636    870     1535129946
    305336     77       90659272
    305336    117      168036497
    305336    119      172043973
    305059    156      170235122
    305183    143      241026592
    306135    228      416966565
    306154    489      811909310
    305341     59      105628168
    305590    118      170002971
    305064   1561     1944146280
    305248    907     1568863861
    306139    515      439051779
    306139    641      550463270
    305186    139      217072578
    305183      3        3654254
    306125   2273     3432161173
    306095    125      165236481
    305310    136      176699349
    305310    183      267216249
    305365     15       25990411
    305842    256      292396600
    305045    718     1153882353
    305840    560     1022215927
    306125    274      468122301
    306125   1414     2440420357
    305862     91       44518768
    306126     36       27806212
    306125   1182     2109143563
    305406    356      660222997
    305862    561      928127705
    305840    683     1221454201
    305840    904     1539279339
    305046    367      389993954
    305252     24       28633330
    305252     24       27784718
    305862    345      537021149
    305311    105      175731565
    305840   1005     1669710461
    305406    186      331799376
    305366    220      383969762
    305586    156      220662571
    305406    267      486586435
    305586    273      441091746
    305063      5        5558033
    305590    492      647181635
    305842    136      159253514
    305313    190      334662130
    305313    193      341087029
    305313    257      448297700
    305842      4        4054447
    306125    677     1220970790
    305590    554      717489840
    305840     27       46805109
    305063     23       29030886
    305862    522      860101145
    306125    266      452561400
    306125    383      659675144
    306155    755     1009305994
    306155    874     1137385778
    306135    966     1726939257
    305832    122       99076481
    305840    144      263728680
    306125    940     1706067119
    306138    149      246896729
    305842    466      511232562
    306155    416      601596508
    306155    428      617780958
    305405    127      228531544
    305842    809      842294080
    305365    664     1104057344
    305059    477      668653033
    305590    588      755519021
    305365    591      971109878
    305365    592      974233621
    305406    212      379868027
    306125   1679     2783854251
    306125   1735     2850014570
    305862     92       46069913
    305586    174      256186002
    306125   1168     2087730026
    305045     79      142970338
    305046    391      413689202
    305898    734     1202633152
    305862    676     1118194044
    305351    746     1134225198
    305842    399      441487278
    305045    145      266544772
    305840    423      779201158
    305586    192      291480588
    305365    314      529807512
    306125    554      982452421
    306125    931     1688780005
    305045    192      348381411
    305045    724     1161240294
    306092    372      700747754
    305898    570      930881747
    305252     34       40863474
    305821    580      972067072
    305406    412      764763086
    306125   1559     2635450788
    305862    334      516188132
    306121     85       83492937
    306092    434      809334084
    306126    485      310377991
    306125   1509     2569682393
    305586    443      758309059
    305045    803     1261837145
    306092    409      766917395
    305590    846     1037788532
    305365    802     1356777338
    305046    180      199939871
    305590    634      805371159
    305590    635      805829674
    305590   1016     1213463133
    305821    556      929496707
    306125   1049     1896029754
